
[node 1]
ram_reads = 0
ram_writes = 0
ssd_reads = 0
ssd_writes = 0
hdd_reads = 0
hdd_writes = 0
cache_hits = 356997
cache_misses = 557148
cache_replacements = 556148

hit ratio = 39.05
cache status --------------------------------
ARC cache size = 1000
p = 47, |L1| = 1000, |L2| = 1000

[B2 - LRU (49)]
[  861] 0, 173608, 4
[ 1700] 0, 54821, 4
[  251] 0, 175346, 4
[ 1625] 0, 175379, 4
[   96] 0, 115106, 4
[ 1223] 0, 184438, 4
[ 1759] 0, 185437, 4
[  626] 0, 185438, 4
[  910] 0, 80026, 4
[ 1875] 0, 8462, 4
[  465] 0, 29401, 4
[ 1010] 0, 95677, 4
[  397] 0, 95678, 4
[ 1384] 0, 75062, 4
[ 1731] 0, 2131, 4
[ 1822] 0, 2133, 4
[  795] 0, 185471, 4
[ 1896] 0, 111735, 4
[ 1124] 0, 1390, 4
[ 1746] 0, 40966, 4
[  525] 0, 185478, 4
[   88] 0, 25511, 4
[ 1451] 0, 4261, 4
[  757] 0, 37324, 4
[ 1768] 0, 4275, 4
[ 1100] 0, 38562, 4
[ 1641] 0, 185162, 4
[ 1255] 0, 6148, 4
[ 1767] 0, 58185, 4
[  544] 0, 185483, 4
[ 1854] 0, 13217, 4
[  515] 0, 83770, 4
[  178] 0, 64266, 4
[  113] 0, 67151, 4
[ 1579] 0, 58889, 4
[ 1410] 0, 144595, 4
[ 1692] 0, 144612, 4
[ 1416] 0, 10110, 4
[  627] 0, 46947, 4
[  169] 0, 173643, 4
[ 1283] 0, 184910, 4
[  999] 0, 171352, 4
[ 1212] 0, 36186, 4
[  112] 0, 185496, 4
[ 1178] 0, 185430, 4
[  280] 0, 185431, 4
[   54] 0, 107029, 4
[  406] 0, 4352, 4
[ 1286] 0, 71867, 4
[B2 - MRU]
[T2 - LRU (951)]
[  505] 0, 182467, 3
[ 1180] 0, 182468, 3
[   23] 0, 185184, 3
[ 1251] 0, 185240, 3
[  781] 0, 4351, 3
[ 1111] 0, 182242, 3
[ 1015] 0, 185258, 3
[ 1503] 0, 185406, 3
[  359] 0, 185129, 3
[  257] 0, 169631, 3
[  940] 0, 176540, 3
[ 1947] 0, 175155, 3
[  987] 0, 13275, 3
[ 1203] 0, 13259, 3
[   34] 0, 70316, 3
[ 1457] 0, 113432, 3
[ 1916] 0, 185112, 3
[ 1241] 0, 185510, 3
[ 1826] 0, 185458, 3
[  585] 0, 174661, 3
[ 1448] 0, 64804, 3
[  967] 0, 185505, 3
[  163] 0, 8760, 3
[  402] 0, 185533, 3
[ 1261] 0, 161406, 3
[ 1134] 0, 183338, 3
[ 1407] 0, 179931, 3
[  450] 0, 181054, 3
[ 1420] 0, 8612, 3
[ 1508] 0, 8587, 3
[  693] 0, 4516, 3
[ 1607] 0, 183899, 3
[ 1805] 0, 24627, 3
[ 1618] 0, 83445, 3
[  563] 0, 137792, 3
[  197] 0, 137787, 3
[ 1970] 0, 969, 3
[  920] 0, 5145, 3
[  452] 0, 185577, 3
[ 1422] 0, 185572, 3
[ 1259] 0, 2329, 3
[  722] 0, 4154, 3
[  796] 0, 8196, 3
[   20] 0, 185599, 3
[  149] 0, 185591, 3
[ 1808] 0, 185587, 3
[  696] 0, 38884, 3
[  883] 0, 38890, 3
[ 1249] 0, 185341, 3
[ 1369] 0, 185490, 3
[ 1226] 0, 151503, 3
[  779] 0, 151507, 3
[ 1671] 0, 178178, 3
[ 1250] 0, 184822, 3
[ 1504] 0, 185619, 3
[ 1627] 0, 185529, 3
[  343] 0, 185530, 3
[  969] 0, 160141, 3
[  827] 0, 160107, 3
[  813] 0, 185428, 3
[ 1399] 0, 14706, 3
[ 1260] 0, 104265, 3
[  746] 0, 9135, 3
[  302] 0, 23744, 3
[ 1543] 0, 9173, 3
[  895] 0, 182244, 3
[  833] 0, 184709, 3
[   56] 0, 185624, 3
[ 1132] 0, 3834, 3
[ 1979] 0, 185462, 3
[  384] 0, 185454, 3
[ 1835] 0, 3829, 3
[  262] 0, 24947, 3
[ 1633] 0, 25063, 3
[ 1242] 0, 184995, 3
[ 1922] 0, 184996, 3
[ 1601] 0, 156459, 3
[  964] 0, 185637, 3
[ 1521] 0, 39105, 3
[ 1059] 0, 51550, 3
[ 1257] 0, 185435, 3
[ 1707] 0, 185436, 3
[ 1927] 0, 64513, 3
[   14] 0, 31022, 3
[  283] 0, 126895, 3
[ 1336] 0, 63253, 3
[  234] 0, 73758, 3
[ 1674] 0, 184419, 3
[  519] 0, 161442, 3
[ 1330] 0, 55625, 3
[   42] 0, 185640, 3
[ 1577] 0, 185631, 3
[  905] 0, 149959, 3
[ 1990] 0, 185639, 3
[ 1921] 0, 10850, 3
[ 1397] 0, 328, 3
[  305] 0, 1020, 3
[ 1373] 0, 184426, 3
[  312] 0, 9524, 3
[  569] 0, 84103, 3
[   40] 0, 1832, 3
[  932] 0, 182546, 3
[ 1590] 0, 184164, 3
[ 1314] 0, 12141, 3
[  116] 0, 83122, 3
[ 1894] 0, 111145, 3
[  575] 0, 520, 3
[  480] 0, 185648, 3
[  598] 0, 15607, 3
[ 1454] 0, 172548, 3
[ 1087] 0, 7719, 3
[ 1974] 0, 1841, 3
[  209] 0, 122559, 3
[ 1115] 0, 122557, 3
[ 1505] 0, 176271, 3
[  541] 0, 177009, 3
[  986] 0, 70558, 3
[ 1563] 0, 25563, 3
[   92] 0, 185706, 3
[  416] 0, 185694, 3
[ 1656] 0, 176265, 3
[ 1853] 0, 25733, 3
[ 1021] 0, 83707, 3
[  608] 0, 185704, 3
[  412] 0, 86746, 3
[ 1108] 0, 4442, 3
[  834] 0, 171316, 3
[ 1097] 0, 180409, 3
[ 1895] 0, 22665, 3
[ 1646] 0, 172301, 3
[ 1078] 0, 184591, 3
[  134] 0, 185722, 3
[   81] 0, 173611, 3
[  368] 0, 185716, 3
[ 1931] 0, 280, 3
[ 1409] 0, 185468, 3
[ 1613] 0, 185475, 3
[ 1745] 0, 4446, 3
[  609] 0, 12165, 3
[ 1821] 0, 173128, 3
[  119] 0, 82652, 3
[ 1340] 0, 2735, 3
[ 1351] 0, 14989, 3
[ 1107] 0, 1021, 3
[ 1266] 0, 1022, 3
[ 1437] 0, 185742, 3
[  193] 0, 185729, 3
[  126] 0, 3131, 3
[  970] 0, 3132, 3
[  714] 0, 84702, 3
[  838] 0, 84061, 3
[ 1712] 0, 1809, 3
[  897] 0, 185744, 3
[ 1709] 0, 37021, 3
[ 1980] 0, 185608, 3
[  777] 0, 1232, 3
[ 1435] 0, 28654, 3
[ 1423] 0, 74063, 3
[ 1509] 0, 62727, 3
[  431] 0, 175532, 3
[  303] 0, 1161, 3
[ 1060] 0, 126, 3
[  287] 0, 175750, 3
[ 1350] 0, 175763, 3
[  862] 0, 4689, 3
[  372] 0, 4676, 3
[  962] 0, 67919, 3
[ 1480] 0, 175497, 3
[ 1515] 0, 175544, 3
[  352] 0, 175513, 3
[  326] 0, 40323, 3
[   76] 0, 185800, 3
[ 1131] 0, 146504, 3
[ 1945] 0, 185790, 3
[   38] 0, 174928, 3
[  507] 0, 4538, 3
[ 1028] 0, 174931, 3
[  256] 0, 185822, 3
[ 1211] 0, 185233, 3
[ 1328] 0, 73682, 3
[ 1025] 0, 10677, 3
[ 1592] 0, 7541, 3
[  676] 0, 95187, 3
[ 1642] 0, 95170, 3
[ 1730] 0, 185842, 3
[ 1158] 0, 185286, 3
[  460] 0, 185593, 3
[ 1275] 0, 23009, 3
[ 1485] 0, 22135, 3
[  716] 0, 54654, 3
[  760] 0, 54655, 3
[ 1873] 0, 58841, 3
[ 1152] 0, 178933, 3
[  174] 0, 185857, 3
[ 1884] 0, 1251, 3
[ 1093] 0, 1274, 3
[ 1429] 0, 118529, 3
[ 1128] 0, 7954, 3
[  476] 0, 173642, 3
[ 1939] 0, 147530, 3
[ 1861] 0, 184279, 3
[ 1825] 0, 13301, 3
[   31] 0, 53475, 3
[ 1345] 0, 95171, 3
[  588] 0, 163179, 3
[ 1868] 0, 183061, 3
[ 1139] 0, 185913, 3
[ 1900] 0, 185702, 3
[  979] 0, 185710, 3
[ 1771] 0, 59389, 3
[   35] 0, 185919, 3
[  511] 0, 1084, 3
[  294] 0, 21908, 3
[ 1603] 0, 36261, 3
[ 1117] 0, 97565, 3
[  581] 0, 46714, 3
[ 1554] 0, 46742, 3
[  928] 0, 185928, 3
[ 1400] 0, 317, 3
[ 1929] 0, 318, 3
[  114] 0, 329, 3
[ 1091] 0, 330, 3
[ 1984] 0, 2309, 3
[  753] 0, 2310, 3
[  988] 0, 42488, 3
[ 1177] 0, 185932, 3
[  255] 0, 185921, 3
[ 1780] 0, 184566, 3
[ 1391] 0, 174954, 3
[  694] 0, 39662, 3
[  535] 0, 170450, 3
[  215] 0, 11680, 3
[ 1697] 0, 8950, 3
[  133] 0, 185945, 3
[ 1389] 0, 184342, 3
[ 1215] 0, 179702, 3
[  738] 0, 13134, 3
[  426] 0, 178725, 3
[   37] 0, 185629, 3
[  130] 0, 185951, 3
[  434] 0, 6184, 3
[ 1665] 0, 1432, 3
[ 1362] 0, 121, 3
[ 1580] 0, 1741, 3
[ 1791] 0, 1608, 3
[  370] 0, 6986, 3
[ 1810] 0, 320, 3
[   71] 0, 38683, 3
[ 1488] 0, 185988, 3
[ 1140] 0, 185978, 3
[ 1761] 0, 60276, 3
[ 1683] 0, 60263, 3
[ 1198] 0, 39067, 3
[  207] 0, 39112, 3
[  974] 0, 47, 3
[   49] 0, 48, 3
[ 1926] 0, 2291, 3
[  701] 0, 185647, 3
[ 1928] 0, 2340, 3
[   21] 0, 552, 3
[  742] 0, 180322, 3
[  855] 0, 1573, 3
[ 1068] 0, 186006, 3
[ 1034] 0, 186013, 3
[  428] 0, 1435, 3
[  540] 0, 56516, 3
[ 1285] 0, 56502, 3
[  990] 0, 170611, 3
[ 1031] 0, 233, 3
[ 1243] 0, 240, 3
[ 1342] 0, 180325, 3
[  276] 0, 5735, 3
[  658] 0, 185999, 3
[ 1024] 0, 147677, 3
[  265] 0, 142562, 3
[ 1040] 0, 4450, 3
[ 1206] 0, 31670, 3
[  580] 0, 5771, 3
[  375] 0, 184274, 3
[ 1973] 0, 5774, 3
[  521] 0, 8527, 3
[  572] 0, 186052, 3
[  950] 0, 186038, 3
[ 1050] 0, 185202, 3
[ 1210] 0, 186048, 3
[ 1150] 0, 157151, 3
[   47] 0, 186069, 3
[ 1039] 0, 181096, 3
[   22] 0, 183737, 3
[  537] 0, 117767, 3
[  901] 0, 3200, 3
[ 1891] 0, 115665, 3
[  793] 0, 185998, 3
[  514] 0, 141322, 3
[  533] 0, 3207, 3
[ 1796] 0, 2536, 3
[ 1991] 0, 186025, 3
[  440] 0, 53520, 3
[  748] 0, 53524, 3
[ 1193] 0, 53532, 3
[ 1961] 0, 53535, 3
[  929] 0, 170126, 3
[ 1888] 0, 53540, 3
[ 1263] 0, 105901, 3
[ 1831] 0, 159335, 3
[  184] 0, 186089, 3
[  270] 0, 4118, 3
[  599] 0, 175808, 3
[ 1258] 0, 8453, 3
[  778] 0, 186115, 3
[  792] 0, 6943, 3
[  726] 0, 75809, 3
[ 1986] 0, 100799, 3
[  478] 0, 100858, 3
[  700] 0, 186146, 3
[ 1833] 0, 62051, 3
[  329] 0, 186134, 3
[  750] 0, 186119, 3
[  939] 0, 67930, 3
[   45] 0, 47416, 3
[  297] 0, 11579, 3
[ 1333] 0, 186037, 3
[  532] 0, 186117, 3
[  893] 0, 186151, 3
[  441] 0, 20928, 3
[ 1588] 0, 4620, 3
[ 1510] 0, 186100, 3
[ 1301] 0, 186081, 3
[ 1971] 0, 186059, 3
[  832] 0, 6939, 3
[  129] 0, 50763, 3
[ 1676] 0, 50811, 3
[  306] 0, 2066, 3
[  931] 0, 2067, 3
[ 1844] 0, 8392, 3
[  678] 0, 8393, 3
[ 1118] 0, 186142, 3
[ 1956] 0, 21649, 3
[ 1972] 0, 21650, 3
[  765] 0, 44475, 3
[ 1001] 0, 32543, 3
[  653] 0, 65443, 3
[ 1367] 0, 759, 3
[  424] 0, 760, 3
[ 1578] 0, 32537, 3
[ 1901] 0, 26463, 3
[ 1041] 0, 761, 3
[ 1318] 0, 762, 3
[  189] 0, 153729, 3
[  545] 0, 662, 3
[ 1020] 0, 690, 3
[    7] 0, 99310, 3
[ 1426] 0, 186201, 3
[ 1858] 0, 186203, 3
[ 1052] 0, 155783, 3
[ 1616] 0, 186204, 3
[ 1125] 0, 186174, 3
[ 1368] 0, 186160, 3
[  534] 0, 651, 3
[  866] 0, 97561, 3
[  894] 0, 111627, 3
[  926] 0, 94166, 3
[    0] 0, 186155, 3
[  443] 0, 186194, 3
[ 1195] 0, 185, 3
[ 1606] 0, 186, 3
[ 1447] 0, 1876, 3
[ 1889] 0, 183549, 3
[  104] 0, 50321, 3
[ 1460] 0, 186219, 3
[   84] 0, 78392, 3
[ 1788] 0, 186227, 3
[  791] 0, 78386, 3
[ 1541] 0, 1851, 3
[ 1893] 0, 186210, 3
[ 1167] 0, 186206, 3
[  975] 0, 19339, 3
[  161] 0, 8369, 3
[  972] 0, 2755, 3
[  567] 0, 143355, 3
[  707] 0, 186231, 3
[ 1816] 0, 75078, 3
[  346] 0, 186235, 3
[ 1924] 0, 172274, 3
[  332] 0, 8616, 3
[  922] 0, 27079, 3
[  213] 0, 22615, 3
[ 1130] 0, 186249, 3
[ 1624] 0, 182316, 3
[ 1142] 0, 1974, 3
[ 1562] 0, 1966, 3
[  887] 0, 745, 3
[  453] 0, 185983, 3
[ 1344] 0, 185995, 3
[  548] 0, 4301, 3
[ 1596] 0, 21339, 3
[ 1586] 0, 21314, 3
[   24] 0, 1114, 3
[  691] 0, 1117, 3
[ 1605] 0, 970, 3
[  289] 0, 88688, 3
[  105] 0, 185872, 3
[ 1265] 0, 186221, 3
[  500] 0, 186263, 3
[ 1324] 0, 186265, 3
[  641] 0, 1338, 3
[ 1996] 0, 4087, 3
[ 1507] 0, 4088, 3
[ 1886] 0, 86, 3
[ 1477] 0, 151875, 3
[ 1105] 0, 145410, 3
[  787] 0, 56435, 3
[  821] 0, 28, 3
[ 1450] 0, 186279, 3
[  692] 0, 1200, 3
[ 1911] 0, 53598, 3
[ 1302] 0, 17292, 3
[ 1876] 0, 185760, 3
[ 1880] 0, 4292, 3
[ 1781] 0, 20094, 3
[  898] 0, 138706, 3
[  378] 0, 138569, 3
[ 1849] 0, 86871, 3
[  510] 0, 58042, 3
[  221] 0, 111400, 3
[ 1236] 0, 27076, 3
[  619] 0, 164195, 3
[ 1436] 0, 25758, 3
[ 1978] 0, 2578, 3
[  275] 0, 154, 3
[ 1425] 0, 155, 3
[ 1311] 0, 157, 3
[  823] 0, 158, 3
[  457] 0, 148878, 3
[ 1012] 0, 148871, 3
[ 1047] 0, 170, 3
[ 1201] 0, 171, 3
[  579] 0, 2703, 3
[  509] 0, 2704, 3
[ 1278] 0, 186295, 3
[  611] 0, 185041, 3
[  913] 0, 186290, 3
[  697] 0, 169682, 3
[ 1230] 0, 182312, 3
[ 1882] 0, 1587, 3
[ 1784] 0, 186306, 3
[ 1623] 0, 186305, 3
[  958] 0, 185149, 3
[  324] 0, 185683, 3
[  245] 0, 164925, 3
[    2] 0, 159663, 3
[ 1056] 0, 183118, 3
[  909] 0, 12616, 3
[ 1914] 0, 131406, 3
[  735] 0, 124068, 3
[ 1783] 0, 186301, 3
[  947] 0, 131408, 3
[ 1547] 0, 1324, 3
[ 1329] 0, 120437, 3
[  462] 0, 120440, 3
[  549] 0, 143973, 3
[ 1106] 0, 144152, 3
[  660] 0, 113421, 3
[   90] 0, 149, 3
[  238] 0, 150, 3
[ 1988] 0, 79864, 3
[  761] 0, 50532, 3
[  299] 0, 50513, 3
[  499] 0, 14292, 3
[ 1186] 0, 6425, 3
[  538] 0, 1346, 3
[  836] 0, 1333, 3
[ 1122] 0, 186317, 3
[  650] 0, 55, 3
[ 1221] 0, 152726, 3
[ 1218] 0, 1300, 3
[  404] 0, 50419, 3
[ 1811] 0, 3933, 3
[  724] 0, 80444, 3
[  463] 0, 54205, 3
[  291] 0, 1087, 3
[ 1953] 0, 1030, 3
[ 1815] 0, 8697, 3
[ 1615] 0, 175747, 3
[ 1668] 0, 175742, 3
[ 1539] 0, 4696, 3
[  103] 0, 181918, 3
[ 1166] 0, 181904, 3
[ 1719] 0, 631, 3
[  323] 0, 65826, 3
[  935] 0, 155763, 3
[ 1008] 0, 842, 3
[  577] 0, 843, 3
[  642] 0, 844, 3
[ 1777] 0, 845, 3
[ 1530] 0, 134845, 3
[ 1812] 0, 88971, 3
[   75] 0, 28994, 3
[  991] 0, 185463, 3
[  674] 0, 2195, 3
[ 1081] 0, 2196, 3
[  399] 0, 2233, 3
[ 1593] 0, 2234, 3
[  966] 0, 2235, 3
[  790] 0, 2236, 3
[  176] 0, 6089, 3
[  124] 0, 6090, 3
[  143] 0, 2863, 3
[ 1356] 0, 2252, 3
[ 1574] 0, 2253, 3
[  363] 0, 178614, 3
[  941] 0, 186289, 3
[ 1556] 0, 100572, 3
[ 1715] 0, 184937, 3
[  890] 0, 171372, 3
[ 1774] 0, 186351, 3
[ 1982] 0, 181115, 3
[  362] 0, 186267, 3
[ 1393] 0, 182248, 3
[  423] 0, 185626, 3
[ 1955] 0, 186352, 3
[  347] 0, 170701, 3
[  508] 0, 186313, 3
[  850] 0, 53854, 3
[ 1317] 0, 53821, 3
[  607] 0, 10140, 3
[  498] 0, 10101, 3
[ 1843] 0, 159327, 3
[ 1332] 0, 8722, 3
[  101] 0, 8744, 3
[ 1305] 0, 14198, 3
[ 1048] 0, 32501, 3
[  284] 0, 173634, 3
[  242] 0, 147916, 3
[  946] 0, 155946, 3
[ 1512] 0, 155956, 3
[    5] 0, 6586, 3
[   74] 0, 106113, 3
[  313] 0, 106208, 3
[  591] 0, 46403, 3
[ 1440] 0, 131438, 3
[ 1514] 0, 39573, 3
[ 1520] 0, 181614, 3
[  120] 0, 39596, 3
[  309] 0, 131500, 3
[ 1704] 0, 24954, 3
[ 1315] 0, 50429, 3
[ 1989] 0, 39608, 3
[ 1316] 0, 152066, 3
[ 1936] 0, 152060, 3
[ 1670] 0, 39612, 3
[ 1729] 0, 4160, 3
[  728] 0, 57424, 3
[ 1513] 0, 39586, 3
[ 1225] 0, 186218, 3
[  222] 0, 186228, 3
[  819] 0, 25010, 3
[ 1456] 0, 28464, 3
[  659] 0, 174936, 3
[ 1658] 0, 185310, 3
[  135] 0, 7510, 3
[ 1136] 0, 7630, 3
[ 1398] 0, 141321, 3
[  797] 0, 17279, 3
[ 1294] 0, 2350, 3
[  190] 0, 53529, 3
[ 1522] 0, 18488, 3
[  236] 0, 1710, 3
[  430] 0, 1840, 3
[ 1660] 0, 18482, 3
[ 1378] 0, 186077, 3
[ 1842] 0, 22362, 3
[ 1443] 0, 111754, 3
[  357] 0, 186405, 3
[  267] 0, 24077, 3
[ 1581] 0, 184571, 3
[  805] 0, 186341, 3
[  364] 0, 147942, 3
[ 1552] 0, 79077, 3
[ 1192] 0, 75003, 3
[  903] 0, 172792, 3
[    4] 0, 186368, 3
[  159] 0, 55137, 3
[ 1244] 0, 17942, 3
[  227] 0, 153974, 3
[   78] 0, 170011, 3
[ 1727] 0, 17954, 3
[ 1918] 0, 186431, 3
[ 1018] 0, 25159, 3
[  878] 0, 13252, 3
[  784] 0, 29387, 3
[ 1073] 0, 1143, 3
[   32] 0, 186427, 3
[ 1890] 0, 13261, 3
[   58] 0, 3195, 3
[ 1907] 0, 3753, 3
[ 1247] 0, 179, 3
[  183] 0, 180, 3
[ 1164] 0, 24068, 3
[  551] 0, 973, 3
[  223] 0, 187, 3
[ 1621] 0, 188, 3
[   44] 0, 205, 3
[  398] 0, 206, 3
[ 1877] 0, 620, 3
[ 1599] 0, 138324, 3
[ 1941] 0, 171547, 3
[ 1245] 0, 39381, 3
[ 1145] 0, 186448, 3
[  739] 0, 130236, 3
[  177] 0, 31886, 3
[ 1381] 0, 9241, 3
[  474] 0, 81144, 3
[ 1414] 0, 56727, 3
[  502] 0, 4015, 3
[  444] 0, 147632, 3
[  118] 0, 184115, 3
[   80] 0, 962, 3
[ 1952] 0, 186361, 3
[  623] 0, 74270, 3
[ 1366] 0, 74271, 3
[  741] 0, 74524, 3
[ 1086] 0, 74525, 3
[ 1695] 0, 74769, 3
[  554] 0, 74770, 3
[ 1055] 0, 74772, 3
[  665] 0, 74773, 3
[ 1430] 0, 186333, 3
[  737] 0, 50450, 3
[  628] 0, 186455, 3
[  247] 0, 138, 3
[ 1841] 0, 10473, 3
[ 1161] 0, 833, 3
[ 1045] 0, 834, 3
[  816] 0, 186474, 3
[  698] 0, 40210, 3
[ 1184] 0, 977, 3
[  594] 0, 4936, 3
[  617] 0, 4875, 3
[  435] 0, 186467, 3
[ 1495] 0, 57344, 3
[  350] 0, 186460, 3
[ 1536] 0, 148254, 3
[ 1870] 0, 186452, 3
[ 1506] 0, 182542, 3
[ 1277] 0, 59859, 3
[  681] 0, 98469, 3
[  918] 0, 66214, 3
[  715] 0, 68550, 3
[  331] 0, 68551, 3
[ 1640] 0, 66217, 3
[   43] 0, 1183, 3
[ 1359] 0, 1685, 3
[ 1817] 0, 164708, 3
[ 1497] 0, 183098, 3
[ 1358] 0, 49057, 3
[   68] 0, 69, 3
[   69] 0, 70, 3
[ 1271] 0, 184889, 3
[ 1321] 0, 51364, 3
[  879] 0, 6842, 3
[ 1194] 0, 3873, 3
[ 1163] 0, 9672, 3
[ 1957] 0, 186498, 3
[ 1600] 0, 186513, 3
[  147] 0, 72739, 3
[ 1104] 0, 87306, 3
[ 1568] 0, 182729, 3
[  546] 0, 186501, 3
[   93] 0, 186493, 3
[ 1354] 0, 186503, 3
[ 1647] 0, 117049, 3
[  864] 0, 183283, 3
[  425] 0, 186445, 3
[  139] 0, 3874, 3
[  936] 0, 186524, 3
[ 1942] 0, 185102, 3
[   72] 0, 9671, 3
[ 1038] 0, 5030, 3
[ 1011] 0, 4995, 3
[  983] 0, 186519, 3
[  376] 0, 83125, 3
[ 1840] 0, 9675, 3
[  917] 0, 186528, 3
[ 1080] 0, 186379, 3
[  244] 0, 4423, 3
[  998] 0, 14478, 3
[ 1126] 0, 36445, 3
[ 1483] 0, 380, 3
[  325] 0, 14482, 3
[ 1444] 0, 186545, 3
[ 1467] 0, 14485, 3
[ 1664] 0, 105108, 3
[  937] 0, 519, 3
[ 1452] 0, 117113, 3
[  123] 0, 112511, 3
[   97] 0, 159172, 3
[  892] 0, 20577, 3
[ 1171] 0, 142482, 3
[ 1932] 0, 34936, 3
[ 1527] 0, 118, 3
[ 1406] 0, 119, 3
[  663] 0, 181, 3
[  319] 0, 182, 3
[  301] 0, 1261, 3
[  695] 0, 1262, 3
[ 1963] 0, 88695, 3
[  191] 0, 186618, 3
[  624] 0, 186629, 3
[ 1949] 0, 186634, 3
[ 1421] 0, 25193, 3
[  583] 0, 185730, 3
[  296] 0, 127071, 3
[  869] 0, 186624, 3
[  719] 0, 52346, 3
[ 1923] 0, 52347, 3
[  377] 0, 8195, 3
[ 1022] 0, 182528, 3
[   36] 0, 88699, 3
[ 1013] 0, 182531, 3
[ 1147] 0, 184243, 3
[  542] 0, 186650, 3
[ 1229] 0, 184891, 3
[ 1438] 0, 1125, 3
[ 1428] 0, 1126, 3
[  342] 0, 6064, 3
[  171] 0, 6079, 3
[ 1758] 0, 186646, 3
[  708] 0, 126942, 3
[  403] 0, 126949, 3
[  396] 0, 1132, 3
[  272] 0, 1133, 3
[  338] 0, 186655, 3
[  711] 0, 2464, 3
[ 1000] 0, 2465, 3
[  254] 0, 8, 3
[ 1632] 0, 179533, 3
[ 1493] 0, 186072, 3
[ 1149] 0, 186620, 3
[ 1533] 0, 186666, 3
[   11] 0, 20473, 3
[ 1859] 0, 20478, 3
[  889] 0, 147, 3
[ 1075] 0, 148, 3
[  504] 0, 151, 3
[ 1636] 0, 152, 3
[ 1033] 0, 4720, 3
[  487] 0, 4166, 3
[ 1127] 0, 168, 3
[ 1005] 0, 169, 3
[ 1732] 0, 532, 3
[ 1583] 0, 5676, 3
[ 1004] 0, 186096, 3
[  582] 0, 186097, 3
[  156] 0, 71457, 3
[ 1320] 0, 29162, 3
[  387] 0, 16943, 3
[  843] 0, 186672, 3
[ 1762] 0, 186675, 3
[ 1392] 0, 186682, 3
[ 1492] 0, 65838, 3
[  654] 0, 78170, 3
[  860] 0, 65316, 3
[ 1014] 0, 65307, 3
[ 1095] 0, 13915, 3
[   79] 0, 1402, 3
[   67] 0, 1403, 3
[ 1066] 0, 138325, 3
[  400] 0, 1405, 3
[ 1290] 0, 1406, 3
[ 1540] 0, 2787, 3
[  180] 0, 2823, 3
[ 1181] 0, 89869, 3
[ 1682] 0, 186622, 3
[ 1235] 0, 50666, 3
[ 1785] 0, 85236, 3
[  196] 0, 31795, 3
[ 1677] 0, 186707, 3
[ 1282] 0, 186702, 3
[  631] 0, 85272, 3
[ 1864] 0, 186700, 3
[ 1919] 0, 1134, 3
[  489] 0, 1135, 3
[ 1909] 0, 120809, 3
[  957] 0, 185299, 3
[  205] 0, 185291, 3
[  195] 0, 120811, 3
[  108] 0, 5972, 3
[  558] 0, 51283, 3
[ 1462] 0, 3431, 3
[  393] 0, 4604, 3
[  763] 0, 334, 3
[  235] 0, 335, 3
[  315] 0, 338, 3
[   28] 0, 339, 3
[ 1994] 0, 5336, 3
[  867] 0, 1719, 3
[ 1144] 0, 184379, 3
[ 1651] 0, 89681, 3
[  841] 0, 89682, 3
[ 1189] 0, 186729, 3
[  268] 0, 1427, 3
[  288] 0, 120813, 3
[ 1085] 0, 156113, 3
[ 1702] 0, 6068, 3
[ 1309] 0, 6069, 3
[ 1679] 0, 137795, 3
[ 1757] 0, 6076, 3
[ 1622] 0, 6077, 3
[  985] 0, 1430, 3
[ 1418] 0, 6080, 3
[ 1553] 0, 6081, 3
[  192] 0, 51673, 3
[  686] 0, 51674, 3
[  911] 0, 120814, 3
[  335] 0, 181473, 3
[  644] 0, 186745, 3
[  117] 0, 262, 3
[    3] 0, 263, 3
[  220] 0, 186742, 3
[ 1159] 0, 347, 3
[  451] 0, 348, 3
[ 1109] 0, 362, 3
[  389] 0, 363, 3
[ 1747] 0, 186704, 3
[  394] 0, 186735, 3
[  146] 0, 185910, 3
[ 1634] 0, 186746, 3
[ 1637] 0, 2102, 3
[ 1170] 0, 91574, 3
[  873] 0, 49076, 3
[ 1209] 0, 92155, 3
[  439] 0, 97783, 3
[  167] 0, 182466, 3
[  881] 0, 177, 3
[ 1943] 0, 178, 3
[  109] 0, 186759, 3
[ 1372] 0, 196, 3
[ 1738] 0, 197, 3
[ 1405] 0, 217, 3
[  994] 0, 218, 3
[   55] 0, 49, 3
[  945] 0, 50, 3
[  759] 0, 186773, 3
[  490] 0, 186770, 3
[ 1604] 0, 183472, 3
[  713] 0, 8225, 3
[ 1341] 0, 58, 3
[ 1846] 0, 48402, 3
[ 1101] 0, 64180, 3
[ 1529] 0, 727, 3
[  228] 0, 728, 3
[  733] 0, 165091, 3
[ 1701] 0, 2543, 3
[ 1151] 0, 92816, 3
[ 1609] 0, 184948, 3
[  492] 0, 175602, 3
[ 1681] 0, 3418, 3
[ 1082] 0, 749, 3
[ 1915] 0, 750, 3
[   85] 0, 2838, 3
[ 1427] 0, 2892, 3
[ 1442] 0, 186768, 3
[ 1614] 0, 751, 3
[  951] 0, 752, 3
[  547] 0, 33374, 3
[  904] 0, 97, 3
[ 1227] 0, 98, 3
[ 1035] 0, 79318, 3
[  226] 0, 79319, 3
[ 1804] 0, 186784, 3
[ 1666] 0, 186772, 3
[ 1415] 0, 119930, 3
[  717] 0, 186802, 3
[ 1032] 0, 3031, 3
[  486] 0, 1266, 3
[ 1962] 0, 153970, 3
[ 1964] 0, 1826, 3
[  369] 0, 6000, 3
[ 1165] 0, 31738, 3
[  258] 0, 8574, 3
[  211] 0, 9028, 3
[  620] 0, 49030, 3
[ 1775] 0, 8329, 3
[  882] 0, 2589, 3
[  520] 0, 2520, 3
[ 1352] 0, 178120, 3
[   94] 0, 173, 3
[  662] 0, 53361, 3
[  273] 0, 125697, 3
[  456] 0, 1394, 3
[  612] 0, 1395, 3
[  965] 0, 1397, 3
[  224] 0, 1398, 3
[  512] 0, 1224, 3
[ 1256] 0, 51076, 3
[  944] 0, 51077, 3
[  160] 0, 186850, 3
[ 1162] 0, 51185, 3
[   50] 0, 51186, 3
[ 1993] 0, 186819, 3
[   82] 0, 182631, 3
[  847] 0, 51187, 3
[  137] 0, 51188, 3
[ 1458] 0, 59290, 3
[  229] 0, 34088, 3
[  446] 0, 5162, 3
[ 1612] 0, 5207, 3
[  186] 0, 74259, 3
[ 1030] 0, 74260, 3
[  281] 0, 74262, 3
[  643] 0, 74263, 3
[  699] 0, 184858, 3
[  358] 0, 74266, 3
[  930] 0, 74267, 3
[ 1120] 0, 166074, 3
[  723] 0, 166063, 3
[ 1088] 0, 186849, 3
[ 1790] 0, 4497, 3
[  307] 0, 186814, 3
[ 1187] 0, 186806, 3
[   29] 0, 186739, 3
[ 1643] 0, 186748, 3
[  320] 0, 526, 3
[ 1281] 0, 529, 3
[ 1295] 0, 252, 3
[ 1408] 0, 253, 3
[  822] 0, 471, 3
[   70] 0, 472, 3
[  871] 0, 473, 3
[ 1268] 0, 474, 3
[  199] 0, 200, 3
[  200] 0, 201, 3
[ 1486] 0, 67733, 3
[ 1912] 0, 67746, 3
[ 1016] 0, 186208, 3
[   15] 0, 186199, 3
[  168] 0, 128734, 3
[ 1531] 0, 128733, 3
[ 1549] 0, 974, 3
[ 1413] 0, 185493, 3
[  413] 0, 186873, 3
[  848] 0, 186874, 3
[  574] 0, 186875, 3
[ 1205] 0, 186876, 3
[ 1473] 0, 99074, 3
[ 1289] 0, 186877, 3
[   19] 0, 186878, 3
[ 1654] 0, 186879, 3
[ 1157] 0, 10548, 3
[   83] 0, 36443, 3
[T2 - MRU]
[T1 - MRU (49)]
[ 1183] 0, 186880, 1
[  703] 0, 186872, 1
[  828] 0, 186871, 1
[  379] 0, 5058, 1
[ 1561] 0, 10560, 1
[ 1734] 0, 3728, 1
[   63] 0, 186870, 1
[  361] 0, 186869, 1
[ 1551] 0, 10556, 1
[ 1845] 0, 186868, 1
[ 1216] 0, 186867, 1
[ 1917] 0, 8689, 1
[  622] 0, 185457, 1
[  493] 0, 186866, 1
[  292] 0, 186865, 1
[ 1857] 0, 86721, 1
[  410] 0, 186864, 1
[   60] 0, 186863, 1
[ 1892] 0, 48748, 1
[   12] 0, 186862, 1
[ 1820] 0, 186861, 1
[ 1898] 0, 24003, 1
[ 1233] 0, 186860, 1
[  467] 0, 42196, 1
[  484] 0, 30788, 1
[ 1910] 0, 121866, 1
[ 1264] 0, 67384, 1
[   61] 0, 186859, 1
[  526] 0, 186858, 1
[ 1037] 0, 34184, 1
[ 1489] 0, 59277, 1
[ 1224] 0, 149550, 1
[ 1538] 0, 59139, 1
[ 1379] 0, 186857, 1
[  673] 0, 15557, 1
[  570] 0, 186856, 1
[  522] 0, 9564, 1
[  800] 0, 5062, 1
[    8] 0, 186855, 1
[  311] 0, 42623, 1
[ 1587] 0, 81805, 1
[ 1684] 0, 186854, 1
[ 1706] 0, 186853, 1
[ 1498] 0, 186852, 1
[ 1160] 0, 51163, 1
[  454] 0, 186851, 1
[ 1516] 0, 66781, 1
[ 1525] 0, 79800, 1
[  924] 0, 142422, 1
[T1 - LRU]
[B1 - MRU (951)]
[ 1977] 0, 123564, 2
[ 1959] 0, 21579, 2
[  633] 0, 36862, 2
[ 1867] 0, 186848, 2
[ 1058] 0, 184901, 2
[  355] 0, 186847, 2
[ 1737] 0, 184864, 2
[  536] 0, 186846, 2
[ 1445] 0, 169081, 2
[  317] 0, 186845, 2
[  592] 0, 186844, 2
[  634] 0, 8378, 2
[  705] 0, 79804, 2
[ 1756] 0, 186843, 2
[ 1110] 0, 25917, 2
[  230] 0, 59541, 2
[ 1475] 0, 186842, 2
[  758] 0, 102306, 2
[   48] 0, 125943, 2
[  132] 0, 186841, 2
[ 1284] 0, 74051, 2
[ 1649] 0, 13563, 2
[  141] 0, 127826, 2
[  888] 0, 186840, 2
[ 1834] 0, 12382, 2
[ 1063] 0, 186839, 2
[  330] 0, 1190, 2
[ 1899] 0, 126270, 2
[  203] 0, 186838, 2
[ 1401] 0, 186837, 2
[ 1809] 0, 186836, 2
[ 1934] 0, 186835, 2
[  824] 0, 186834, 2
[ 1524] 0, 13858, 2
[ 1800] 0, 127829, 2
[  429] 0, 186833, 2
[ 1838] 0, 7129, 2
[ 1946] 0, 186832, 2
[  812] 0, 186831, 2
[ 1705] 0, 156850, 2
[  667] 0, 186830, 2
[ 1742] 0, 186829, 2
[ 1121] 0, 157425, 2
[ 1185] 0, 127824, 2
[  152] 0, 124180, 2
[  982] 0, 186828, 2
[   62] 0, 186827, 2
[ 1559] 0, 108780, 2
[ 1720] 0, 186826, 2
[ 1903] 0, 50311, 2
[ 1466] 0, 6747, 2
[ 1007] 0, 186825, 2
[ 1537] 0, 186824, 2
[  560] 0, 186823, 2
[  556] 0, 186822, 2
[  100] 0, 186821, 2
[ 1557] 0, 27057, 2
[ 1471] 0, 186820, 2
[ 1860] 0, 186818, 2
[ 1673] 0, 186817, 2
[  475] 0, 186816, 2
[ 1479] 0, 186815, 2
[ 1197] 0, 186813, 2
[  865] 0, 186812, 2
[ 1635] 0, 186811, 2
[ 1200] 0, 3006, 2
[   26] 0, 186810, 2
[  725] 0, 186809, 2
[ 1998] 0, 178424, 2
[  688] 0, 68354, 2
[ 1694] 0, 5886, 2
[  801] 0, 186808, 2
[  366] 0, 186807, 2
[ 1708] 0, 186805, 2
[ 1331] 0, 5446, 2
[ 1308] 0, 5444, 2
[   46] 0, 186804, 2
[ 1470] 0, 91382, 2
[ 1519] 0, 22085, 2
[  874] 0, 186803, 2
[  243] 0, 152110, 2
[  679] 0, 127, 2
[   89] 0, 186801, 2
[ 1648] 0, 186800, 2
[  649] 0, 5376, 2
[ 1721] 0, 186799, 2
[  872] 0, 175618, 2
[  279] 0, 186798, 2
[ 1248] 0, 186797, 2
[  172] 0, 186796, 2
[ 1214] 0, 184975, 2
[ 1238] 0, 92925, 2
[  561] 0, 186795, 2
[  401] 0, 186794, 2
[  175] 0, 76454, 2
[ 1904] 0, 186793, 2
[  464] 0, 2387, 2
[ 1550] 0, 186792, 2
[ 1071] 0, 186791, 2
[ 1319] 0, 16460, 2
[  157] 0, 186790, 2
[ 1830] 0, 165090, 2
[ 1279] 0, 15743, 2
[  571] 0, 186789, 2
[  181] 0, 186788, 2
[ 1061] 0, 186787, 2
[  249] 0, 11111, 2
[  349] 0, 16273, 2
[  353] 0, 186786, 2
[ 1850] 0, 48393, 2
[ 1360] 0, 34915, 2
[  610] 0, 186785, 2
[  720] 0, 62, 2
[ 1077] 0, 5571, 2
[ 1119] 0, 186783, 2
[   86] 0, 12017, 2
[ 1966] 0, 12016, 2
[  557] 0, 95369, 2
[  621] 0, 1667, 2
[ 1655] 0, 1666, 2
[  516] 0, 186782, 2
[  185] 0, 43651, 2
[  461] 0, 186781, 2
[ 1484] 0, 186780, 2
[ 1312] 0, 186779, 2
[ 1114] 0, 186778, 2
[  552] 0, 184217, 2
[ 1472] 0, 186777, 2
[ 1661] 0, 124879, 2
[ 1987] 0, 186776, 2
[  530] 0, 186775, 2
[ 1772] 0, 1656, 2
[ 1334] 0, 1655, 2
[ 1102] 0, 186774, 2
[  854] 0, 4822, 2
[ 1983] 0, 124878, 2
[  605] 0, 379, 2
[ 1985] 0, 378, 2
[ 1113] 0, 153516, 2
[  762] 0, 369, 2
[   27] 0, 368, 2
[ 1292] 0, 5540, 2
[ 1190] 0, 186771, 2
[  632] 0, 186769, 2
[ 1003] 0, 186767, 2
[ 1937] 0, 186766, 2
[ 1542] 0, 186765, 2
[  216] 0, 186764, 2
[  829] 0, 3389, 2
[ 1726] 0, 4137, 2
[ 1365] 0, 186763, 2
[  857] 0, 36460, 2
[  497] 0, 186762, 2
[ 1981] 0, 186761, 2
[ 1267] 0, 3499, 2
[  437] 0, 186760, 2
[  989] 0, 143309, 2
[ 1856] 0, 60759, 2
[  285] 0, 9023, 2
[  721] 0, 176234, 2
[  524] 0, 186758, 2
[  198] 0, 97743, 2
[  432] 0, 186757, 2
[  144] 0, 186756, 2
[ 1523] 0, 169494, 2
[  550] 0, 186755, 2
[  214] 0, 186754, 2
[ 1814] 0, 28168, 2
[ 1396] 0, 10886, 2
[  978] 0, 8214, 2
[ 1807] 0, 186753, 2
[  471] 0, 186752, 2
[  858] 0, 48362, 2
[ 1074] 0, 120337, 2
[ 1141] 0, 186751, 2
[ 1029] 0, 3469, 2
[ 1878] 0, 186750, 2
[  367] 0, 186749, 2
[ 1276] 0, 48358, 2
[  727] 0, 1501, 2
[  977] 0, 3525, 2
[ 1871] 0, 181461, 2
[  900] 0, 186747, 2
[ 1129] 0, 4774, 2
[ 1395] 0, 186744, 2
[  851] 0, 51477, 2
[  960] 0, 3513, 2
[ 1678] 0, 156112, 2
[  182] 0, 186743, 2
[  589] 0, 177576, 2
[  477] 0, 186741, 2
[ 1417] 0, 186740, 2
[  953] 0, 186738, 2
[ 1374] 0, 92131, 2
[  241] 0, 186737, 2
[  896] 0, 186736, 2
[ 1204] 0, 35085, 2
[  559] 0, 99822, 2
[  630] 0, 916, 2
[ 1307] 0, 1571, 2
[ 1534] 0, 186734, 2
[ 1965] 0, 4753, 2
[ 1743] 0, 80425, 2
[  447] 0, 129112, 2
[ 1053] 0, 88471, 2
[ 1254] 0, 59897, 2
[ 1280] 0, 20471, 2
[  788] 0, 88863, 2
[ 1828] 0, 2812, 2
[ 1532] 0, 109721, 2
[ 1865] 0, 186733, 2
[ 1304] 0, 186732, 2
[  914] 0, 186731, 2
[ 1782] 0, 59895, 2
[  639] 0, 186730, 2
[  820] 0, 186728, 2
[ 1239] 0, 186727, 2
[ 1951] 0, 186726, 2
[ 1441] 0, 9301, 2
[ 1518] 0, 54597, 2
[ 1491] 0, 186725, 2
[  902] 0, 51308, 2
[  984] 0, 186724, 2
[ 1500] 0, 114961, 2
[ 1797] 0, 186723, 2
[  528] 0, 186722, 2
[  702] 0, 9784, 2
[   18] 0, 114958, 2
[  523] 0, 136567, 2
[ 1517] 0, 183382, 2
[  668] 0, 186721, 2
[  472] 0, 147484, 2
[ 1468] 0, 186720, 2
[  232] 0, 186719, 2
[ 1573] 0, 115668, 2
[  671] 0, 186718, 2
[   10] 0, 186717, 2
[ 1675] 0, 186716, 2
[  204] 0, 219, 2
[ 1092] 0, 186715, 2
[  863] 0, 144314, 2
[ 1232] 0, 5636, 2
[ 1576] 0, 31771, 2
[ 1006] 0, 119808, 2
[  927] 0, 8405, 2
[ 1885] 0, 186714, 2
[ 1046] 0, 186713, 2
[ 1718] 0, 186712, 2
[  328] 0, 50789, 2
[ 1089] 0, 186711, 2
[  231] 0, 186710, 2
[  604] 0, 186709, 2
[ 1291] 0, 13139, 2
[ 1837] 0, 21423, 2
[ 1879] 0, 98933, 2
[ 1461] 0, 2636, 2
[  348] 0, 186708, 2
[  259] 0, 21418, 2
[ 1685] 0, 120468, 2
[ 1631] 0, 40156, 2
[  150] 0, 186706, 2
[ 1546] 0, 47311, 2
[ 1528] 0, 186705, 2
[  652] 0, 186703, 2
[  804] 0, 127383, 2
[ 1610] 0, 186701, 2
[ 1716] 0, 47170, 2
[  601] 0, 186699, 2
[ 1133] 0, 186698, 2
[  884] 0, 49453, 2
[ 1478] 0, 186697, 2
[ 1748] 0, 20426, 2
[  371] 0, 186696, 2
[ 1698] 0, 31748, 2
[ 1207] 0, 186695, 2
[ 1099] 0, 50768, 2
[ 1380] 0, 186694, 2
[ 1303] 0, 186693, 2
[ 1042] 0, 15799, 2
[ 1148] 0, 186692, 2
[ 1652] 0, 466, 2
[ 1306] 0, 186691, 2
[  677] 0, 186690, 2
[ 1146] 0, 186689, 2
[  414] 0, 186688, 2
[ 1274] 0, 16960, 2
[  344] 0, 112027, 2
[ 1584] 0, 461, 2
[  916] 0, 29103, 2
[  308] 0, 185939, 2
[   77] 0, 186687, 2
[  155] 0, 31731, 2
[  684] 0, 186686, 2
[  300] 0, 55494, 2
[  923] 0, 186685, 2
[ 1650] 0, 182960, 2
[   17] 0, 31723, 2
[  799] 0, 48111, 2
[  680] 0, 31712, 2
[  164] 0, 48123, 2
[ 1323] 0, 175863, 2
[  503] 0, 73586, 2
[ 1839] 0, 31710, 2
[  339] 0, 175861, 2
[ 1672] 0, 186684, 2
[ 1431] 0, 186683, 2
[  188] 0, 186681, 2
[  774] 0, 186680, 2
[  565] 0, 123690, 2
[  274] 0, 186679, 2
[   73] 0, 186678, 2
[ 1347] 0, 3871, 2
[ 1174] 0, 10584, 2
[  670] 0, 13793, 2
[ 1770] 0, 186677, 2
[ 1388] 0, 186676, 2
[ 1933] 0, 26401, 2
[  907] 0, 29120, 2
[ 1639] 0, 186674, 2
[ 1411] 0, 186673, 2
[ 1902] 0, 182929, 2
[ 1611] 0, 86040, 2
[  316] 0, 143420, 2
[ 1287] 0, 186671, 2
[ 1667] 0, 13786, 2
[ 1487] 0, 9104, 2
[ 1749] 0, 182910, 2
[  381] 0, 186670, 2
[  636] 0, 186669, 2
[  766] 0, 16879, 2
[ 1112] 0, 146764, 2
[ 1208] 0, 186668, 2
[ 1155] 0, 186667, 2
[  997] 0, 154545, 2
[  840] 0, 186665, 2
[ 1175] 0, 16873, 2
[  491] 0, 186664, 2
[  810] 0, 21653, 2
[   64] 0, 50306, 2
[  351] 0, 186663, 2
[  107] 0, 186662, 2
[ 1663] 0, 16865, 2
[ 1793] 0, 186661, 2
[  468] 0, 5772, 2
[  780] 0, 186660, 2
[ 1710] 0, 186659, 2
[ 1364] 0, 186658, 2
[ 1789] 0, 186657, 2
[ 1728] 0, 19421, 2
[ 1960] 0, 186656, 2
[ 1591] 0, 186654, 2
[ 1044] 0, 44635, 2
[ 1072] 0, 186653, 2
[  921] 0, 186652, 2
[ 1009] 0, 181916, 2
[  111] 0, 186651, 2
[ 1383] 0, 40672, 2
[  710] 0, 186649, 2
[ 1439] 0, 186648, 2
[  767] 0, 186647, 2
[  919] 0, 186645, 2
[  341] 0, 186644, 2
[ 1571] 0, 53949, 2
[ 1076] 0, 186643, 2
[ 1424] 0, 186642, 2
[ 1070] 0, 186641, 2
[ 1346] 0, 3906, 2
[ 1326] 0, 119909, 2
[  166] 0, 186640, 2
[ 1137] 0, 186639, 2
[ 1202] 0, 186638, 2
[  518] 0, 4789, 2
[  646] 0, 186637, 2
[  955] 0, 186636, 2
[  264] 0, 111036, 2
[ 1327] 0, 186635, 2
[  495] 0, 186633, 2
[  807] 0, 186632, 2
[  131] 0, 4785, 2
[  513] 0, 4212, 2
[ 1494] 0, 140859, 2
[ 1253] 0, 4782, 2
[ 1565] 0, 122001, 2
[  992] 0, 186631, 2
[  448] 0, 156396, 2
[ 1135] 0, 4210, 2
[ 1948] 0, 119929, 2
[ 1036] 0, 186630, 2
[  629] 0, 4780, 2
[ 1288] 0, 186628, 2
[ 1213] 0, 186627, 2
[   98] 0, 4777, 2
[ 1191] 0, 146740, 2
[  603] 0, 1645, 2
[  277] 0, 186626, 2
[  815] 0, 119927, 2
[ 1967] 0, 186625, 2
[ 1735] 0, 146739, 2
[  576] 0, 186623, 2
[  661] 0, 186621, 2
[ 1950] 0, 79972, 2
[  782] 0, 173127, 2
[  802] 0, 186619, 2
[  212] 0, 35028, 2
[  298] 0, 186617, 2
[  405] 0, 34263, 2
[ 1575] 0, 142539, 2
[ 1176] 0, 186616, 2
[ 1617] 0, 186615, 2
[ 1002] 0, 186614, 2
[  835] 0, 35081, 2
[  418] 0, 186613, 2
[  651] 0, 186612, 2
[  590] 0, 53073, 2
[ 1597] 0, 186611, 2
[ 1801] 0, 53070, 2
[ 1585] 0, 186610, 2
[  976] 0, 16051, 2
[  789] 0, 186609, 2
[  596] 0, 186608, 2
[  578] 0, 186607, 2
[ 1027] 0, 2743, 2
[ 1300] 0, 16730, 2
[ 1769] 0, 53067, 2
[ 1560] 0, 20512, 2
[ 1054] 0, 186606, 2
[  391] 0, 186605, 2
[ 1778] 0, 177875, 2
[  783] 0, 17376, 2
[ 1353] 0, 186604, 2
[  963] 0, 186603, 2
[  771] 0, 186602, 2
[  876] 0, 44349, 2
[  718] 0, 186601, 2
[   59] 0, 186600, 2
[ 1234] 0, 112527, 2
[ 1453] 0, 133778, 2
[ 1064] 0, 5797, 2
[ 1065] 0, 186599, 2
[ 1404] 0, 117001, 2
[  337] 0, 186598, 2
[   95] 0, 59728, 2
[ 1874] 0, 186597, 2
[ 1802] 0, 167191, 2
[ 1975] 0, 186596, 2
[ 1535] 0, 186595, 2
[ 1836] 0, 186594, 2
[ 1806] 0, 166694, 2
[ 1570] 0, 186593, 2
[  891] 0, 186592, 2
[  638] 0, 166283, 2
[  755] 0, 4557, 2
[ 1168] 0, 186591, 2
[ 1714] 0, 3536, 2
[ 1847] 0, 4546, 2
[  345] 0, 162849, 2
[  127] 0, 186590, 2
[  712] 0, 186589, 2
[  373] 0, 38351, 2
[ 1823] 0, 418, 2
[  153] 0, 161419, 2
[  614] 0, 72114, 2
[ 1172] 0, 18589, 2
[  844] 0, 111595, 2
[  246] 0, 161147, 2
[  263] 0, 186588, 2
[  310] 0, 186587, 2
[  616] 0, 12699, 2
[ 1153] 0, 160767, 2
[ 1182] 0, 186586, 2
[  531] 0, 186585, 2
[ 1938] 0, 186584, 2
[  106] 0, 6655, 2
[  852] 0, 3409, 2
[  154] 0, 160527, 2
[ 1231] 0, 186583, 2
[ 1387] 0, 175, 2
[  751] 0, 3406, 2
[  233] 0, 186582, 2
[ 1338] 0, 185625, 2
[  943] 0, 186581, 2
[ 1043] 0, 3386, 2
[ 1446] 0, 159957, 2
[  445] 0, 399, 2
[ 1057] 0, 186580, 2
[  602] 0, 159498, 2
[  374] 0, 177672, 2
[ 1645] 0, 183286, 2
[  415] 0, 186579, 2
[  729] 0, 156909, 2
[ 1376] 0, 186578, 2
[  794] 0, 186577, 2
[ 1511] 0, 186576, 2
[  417] 0, 117177, 2
[  162] 0, 109822, 2
[  814] 0, 185655, 2
[  825] 0, 186575, 2
[ 1116] 0, 186574, 2
[  409] 0, 186573, 2
[ 1819] 0, 186572, 2
[  647] 0, 21733, 2
[ 1049] 0, 186571, 2
[  266] 0, 186570, 2
[ 1026] 0, 186569, 2
[   53] 0, 186568, 2
[  158] 0, 186567, 2
[  365] 0, 186566, 2
[ 1744] 0, 186565, 2
[   39] 0, 186564, 2
[  961] 0, 186563, 2
[  682] 0, 186562, 2
[ 1699] 0, 186561, 2
[  485] 0, 186560, 2
[  687] 0, 186559, 2
[ 1795] 0, 127683, 2
[  734] 0, 151752, 2
[  952] 0, 186558, 2
[  806] 0, 14497, 2
[   66] 0, 14496, 2
[ 1733] 0, 186557, 2
[  744] 0, 186556, 2
[  250] 0, 6287, 2
[   41] 0, 186555, 2
[  314] 0, 14486, 2
[ 1469] 0, 186554, 2
[  933] 0, 186553, 2
[ 1686] 0, 186552, 2
[  973] 0, 14481, 2
[  956] 0, 14479, 2
[ 1855] 0, 186551, 2
[ 1786] 0, 186550, 2
[ 1459] 0, 186549, 2
[   33] 0, 186548, 2
[ 1594] 0, 6292, 2
[  140] 0, 175272, 2
[  208] 0, 3862, 2
[  754] 0, 115379, 2
[ 1799] 0, 186547, 2
[ 1920] 0, 6274, 2
[  555] 0, 49053, 2
[  817] 0, 186546, 2
[ 1335] 0, 186544, 2
[ 1371] 0, 108326, 2
[ 1094] 0, 186543, 2
[  656] 0, 186542, 2
[  584] 0, 186541, 2
[  543] 0, 186540, 2
[ 1390] 0, 186539, 2
[  527] 0, 186538, 2
[  271] 0, 186537, 2
[  657] 0, 186536, 2
[  885] 0, 186535, 2
[ 1693] 0, 116984, 2
[  151] 0, 186534, 2
[  853] 0, 186533, 2
[  278] 0, 186532, 2
[  993] 0, 9674, 2
[ 1969] 0, 186531, 2
[ 1595] 0, 186530, 2
[  971] 0, 186529, 2
[  356] 0, 186527, 2
[  732] 0, 25771, 2
[ 1246] 0, 186526, 2
[ 1103] 0, 6897, 2
[   13] 0, 15816, 2
[  427] 0, 186525, 2
[ 1741] 0, 124964, 2
[ 1240] 0, 971, 2
[  842] 0, 186523, 2
[ 1355] 0, 179446, 2
[  436] 0, 186522, 2
[  749] 0, 186521, 2
[  218] 0, 186520, 2
[ 1764] 0, 87360, 2
[ 1310] 0, 186518, 2
[  613] 0, 141916, 2
[  433] 0, 186517, 2
[   99] 0, 11605, 2
[  470] 0, 186516, 2
[  689] 0, 86401, 2
[ 1696] 0, 186515, 2
[  683] 0, 661, 2
[ 1913] 0, 4939, 2
[  290] 0, 9456, 2
[ 1691] 0, 186514, 2
[  481] 0, 164717, 2
[ 1722] 0, 186512, 2
[  260] 0, 186511, 2
[  685] 0, 186510, 2
[  217] 0, 186509, 2
[  846] 0, 177500, 2
[  764] 0, 144843, 2
[  210] 0, 177493, 2
[ 1992] 0, 116942, 2
[  600] 0, 183092, 2
[ 1851] 0, 186508, 2
[  637] 0, 186507, 2
[ 1619] 0, 170140, 2
[ 1954] 0, 186506, 2
[  811] 0, 186505, 2
[ 1598] 0, 170138, 2
[  173] 0, 186504, 2
[  225] 0, 186502, 2
[ 1079] 0, 113681, 2
[  459] 0, 186500, 2
[  336] 0, 186499, 2
[  407] 0, 2475, 2
[  772] 0, 186497, 2
[  981] 0, 186496, 2
[ 1219] 0, 85211, 2
[  170] 0, 186495, 2
[  808] 0, 186494, 2
[ 1824] 0, 186492, 2
[ 1252] 0, 155304, 2
[ 1724] 0, 181867, 2
[ 1852] 0, 186491, 2
[ 1626] 0, 180997, 2
[    9] 0, 116989, 2
[ 1908] 0, 186490, 2
[  908] 0, 186489, 2
[  831] 0, 186488, 2
[ 1687] 0, 116928, 2
[ 1711] 0, 179417, 2
[  709] 0, 133275, 2
[  529] 0, 186487, 2
[  568] 0, 4256, 2
[   25] 0, 148282, 2
[  408] 0, 77782, 2
[ 1188] 0, 180533, 2
[  327] 0, 186486, 2
[ 1138] 0, 34141, 2
[  769] 0, 186485, 2
[ 1976] 0, 186484, 2
[ 1296] 0, 128804, 2
[  442] 0, 15684, 2
[  239] 0, 132053, 2
[ 1629] 0, 186483, 2
[  899] 0, 186482, 2
[ 1357] 0, 22170, 2
[ 1689] 0, 186481, 2
[ 1940] 0, 186480, 2
[ 1558] 0, 13256, 2
[  142] 0, 186479, 2
[  995] 0, 137, 2
[ 1433] 0, 186478, 2
[  880] 0, 13273, 2
[ 1179] 0, 186477, 2
[  690] 0, 186476, 2
[  333] 0, 186475, 2
[ 1067] 0, 47836, 2
[  586] 0, 125317, 2
[  837] 0, 186473, 2
[  165] 0, 186472, 2
[ 1608] 0, 144248, 2
[ 1545] 0, 186471, 2
[   51] 0, 186470, 2
[ 1502] 0, 186469, 2
[ 1766] 0, 186468, 2
[ 1740] 0, 186466, 2
[  553] 0, 186465, 2
[  635] 0, 1866, 2
[ 1794] 0, 186464, 2
[  388] 0, 48975, 2
[ 1589] 0, 186463, 2
[ 1419] 0, 16032, 2
[ 1725] 0, 186462, 2
[  201] 0, 125801, 2
[ 1386] 0, 64358, 2
[  293] 0, 91497, 2
[  730] 0, 81129, 2
[  136] 0, 186461, 2
[ 1779] 0, 186459, 2
[ 1883] 0, 186458, 2
[  261] 0, 19464, 2
[ 1752] 0, 186457, 2
[ 1582] 0, 15561, 2
[ 1490] 0, 186456, 2
[  395] 0, 155019, 2
[  648] 0, 183581, 2
[  786] 0, 3024, 2
[ 1736] 0, 85, 2
[ 1298] 0, 84, 2
[ 1325] 0, 185255, 2
[ 1887] 0, 82494, 2
[ 1564] 0, 3023, 2
[  803] 0, 45103, 2
[ 1958] 0, 171549, 2
[  354] 0, 41445, 2
[ 1156] 0, 186454, 2
[ 1869] 0, 82, 2
[  501] 0, 81, 2
[  868] 0, 231, 2
[  770] 0, 230, 2
[  458] 0, 186453, 2
[ 1476] 0, 183586, 2
[ 1481] 0, 186451, 2
[  334] 0, 186450, 2
[ 1669] 0, 186449, 2
[  482] 0, 85268, 2
[  669] 0, 20560, 2
[ 1680] 0, 70553, 2
[   16] 0, 31101, 2
[  593] 0, 24041, 2
[ 1688] 0, 85265, 2
[ 1792] 0, 89947, 2
[ 1798] 0, 169466, 2
[ 1848] 0, 186447, 2
[ 1501] 0, 85262, 2
[ 1935] 0, 113347, 2
[  756] 0, 186446, 2
[ 1123] 0, 186444, 2
[ 1455] 0, 186443, 2
[ 1096] 0, 85259, 2
[  768] 0, 113346, 2
[ 1717] 0, 186442, 2
[  383] 0, 8375, 2
[ 1968] 0, 54451, 2
[  954] 0, 85257, 2
[ 1482] 0, 186441, 2
[  655] 0, 113342, 2
[ 1499] 0, 186440, 2
[ 1051] 0, 93384, 2
[  736] 0, 186439, 2
[  321] 0, 35171, 2
[  666] 0, 26279, 2
[  934] 0, 33568, 2
[ 1803] 0, 85254, 2
[  595] 0, 113340, 2
[ 1228] 0, 186438, 2
[  240] 0, 43727, 2
[  115] 0, 113344, 2
[ 1755] 0, 85251, 2
[  411] 0, 186437, 2
[ 1019] 0, 107010, 2
[  469] 0, 186436, 2
[  573] 0, 85250, 2
[ 1753] 0, 186435, 2
[  392] 0, 186434, 2
[  785] 0, 186433, 2
[ 1818] 0, 77914, 2
[ 1906] 0, 51839, 2
[  773] 0, 186432, 2
[  948] 0, 4672, 2
[  419] 0, 186430, 2
[ 1143] 0, 186429, 2
[  839] 0, 186428, 2
[  295] 0, 143746, 2
[ 1474] 0, 186426, 2
[ 1269] 0, 186425, 2
[  645] 0, 186424, 2
[ 1464] 0, 186423, 2
[  906] 0, 186422, 2
[   30] 0, 186421, 2
[ 1293] 0, 186420, 2
[  912] 0, 186419, 2
[ 1402] 0, 113629, 2
[  386] 0, 186418, 2
[  179] 0, 186417, 2
[  138] 0, 186416, 2
[  455] 0, 186415, 2
[  672] 0, 186414, 2
[ 1526] 0, 86267, 2
[  479] 0, 186413, 2
[ 1544] 0, 11573, 2
[ 1739] 0, 186412, 2
[ 1760] 0, 49396, 2
[ 1412] 0, 186411, 2
[ 1662] 0, 52059, 2
[ 1690] 0, 27054, 2
[  870] 0, 186410, 2
[  640] 0, 52999, 2
[  968] 0, 186409, 2
[  859] 0, 21755, 2
[  102] 0, 18523, 2
[  473] 0, 186408, 2
[ 1628] 0, 186407, 2
[ 1863] 0, 12330, 2
[  949] 0, 1012, 2
[ 1313] 0, 41499, 2
[  942] 0, 18513, 2
[  597] 0, 186406, 2
[ 1449] 0, 120405, 2
[ 1813] 0, 148879, 2
[ 1832] 0, 32898, 2
[  566] 0, 28817, 2
[  776] 0, 125967, 2
[  809] 0, 32999, 2
[  421] 0, 186404, 2
[  202] 0, 186403, 2
[ 1273] 0, 186402, 2
[ 1349] 0, 186401, 2
[  740] 0, 186400, 2
[ 1173] 0, 186399, 2
[ 1930] 0, 186398, 2
[ 1644] 0, 186397, 2
[ 1199] 0, 72740, 2
[  587] 0, 186396, 2
[  752] 0, 9726, 2
[ 1905] 0, 186395, 2
[  449] 0, 186394, 2
[ 1432] 0, 186393, 2
[  877] 0, 14530, 2
[  380] 0, 186392, 2
[   87] 0, 186391, 2
[  875] 0, 186390, 2
[  798] 0, 66100, 2
[  606] 0, 186389, 2
[  304] 0, 9715, 2
[ 1154] 0, 186388, 2
[  145] 0, 21000, 2
[  382] 0, 186387, 2
[ 1776] 0, 186386, 2
[  539] 0, 2712, 2
[ 1862] 0, 9710, 2
[  206] 0, 26396, 2
[  494] 0, 186385, 2
[ 1773] 0, 9613, 2
[ 1023] 0, 186384, 2
[  664] 0, 186383, 2
[ 1713] 0, 186382, 2
[  745] 0, 186381, 2
[   65] 0, 186380, 2
[ 1297] 0, 9705, 2
[ 1897] 0, 186378, 2
[ 1567] 0, 28259, 2
[  731] 0, 186377, 2
[ 1765] 0, 110491, 2
[  488] 0, 186376, 2
[ 1375] 0, 9693, 2
[  194] 0, 186375, 2
[ 1999] 0, 186374, 2
[  747] 0, 121050, 2
[ 1222] 0, 33015, 2
[ 1723] 0, 186373, 2
[ 1572] 0, 9677, 2
[  318] 0, 136425, 2
[ 1217] 0, 186372, 2
[ 1630] 0, 186371, 2
[ 1017] 0, 9669, 2
[   91] 0, 186370, 2
[  483] 0, 183395, 2
[ 1555] 0, 186369, 2
[  422] 0, 3767, 2
[ 1653] 0, 2298, 2
[ 1270] 0, 80790, 2
[  996] 0, 80789, 2
[ 1382] 0, 131434, 2
[  128] 0, 186367, 2
[  253] 0, 186366, 2
[ 1463] 0, 186365, 2
[ 1196] 0, 1791, 2
[  517] 0, 186364, 2
[ 1394] 0, 1028, 2
[  385] 0, 32089, 2
[ 1638] 0, 17519, 2
[   52] 0, 44706, 2
[ 1322] 0, 44705, 2
[  704] 0, 131495, 2
[ 1348] 0, 186363, 2
[ 1337] 0, 186362, 2
[ 1750] 0, 46371, 2
[  925] 0, 6541, 2
[ 1262] 0, 20845, 2
[  269] 0, 20844, 2
[  849] 0, 176992, 2
[ 1829] 0, 140446, 2
[ 1659] 0, 147917, 2
[ 1751] 0, 20839, 2
[  390] 0, 20838, 2
[  506] 0, 97720, 2
[  466] 0, 186360, 2
[  915] 0, 186359, 2
[ 1377] 0, 186358, 2
[  826] 0, 45420, 2
[  121] 0, 159860, 2
[ 1272] 0, 148684, 2
[  496] 0, 186357, 2
[ 1465] 0, 163924, 2
[ 1754] 0, 93755, 2
[ 1997] 0, 159342, 2
[  675] 0, 116249, 2
[  618] 0, 186356, 2
[ 1763] 0, 163919, 2
[ 1434] 0, 9000, 2
[ 1299] 0, 8999, 2
[ 1083] 0, 186355, 2
[  743] 0, 545, 2
[  125] 0, 186354, 2
[ 1062] 0, 161000, 2
[  775] 0, 6111, 2
[  845] 0, 6110, 2
[ 1069] 0, 541, 2
[ 1548] 0, 83004, 2
[ 1496] 0, 186353, 2
[  856] 0, 2289, 2
[  959] 0, 2288, 2
[ 1872] 0, 10232, 2
[ 1339] 0, 5106, 2
[ 1385] 0, 51148, 2
[ 1343] 0, 18448, 2
[ 1569] 0, 6108, 2
[  420] 0, 6107, 2
[ 1237] 0, 186350, 2
[ 1098] 0, 186349, 2
[ 1361] 0, 186348, 2
[  252] 0, 186347, 2
[ 1602] 0, 186346, 2
[  148] 0, 186345, 2
[  360] 0, 1903, 2
[ 1090] 0, 186344, 2
[ 1566] 0, 186343, 2
[  322] 0, 173515, 2
[  122] 0, 5896, 2
[ 1620] 0, 2853, 2
[    1] 0, 186342, 2
[  340] 0, 130799, 2
[ 1220] 0, 147959, 2
[  219] 0, 172362, 2
[ 1363] 0, 186340, 2
[ 1866] 0, 42106, 2
[  187] 0, 186339, 2
[  830] 0, 186338, 2
[ 1403] 0, 48494, 2
[ 1084] 0, 2512, 2
[ 1703] 0, 186337, 2
[ 1925] 0, 69753, 2
[  286] 0, 186336, 2
[  110] 0, 155786, 2
[    6] 0, 186335, 2
[ 1370] 0, 186334, 2
[  980] 0, 119055, 2
[ 1787] 0, 44844, 2
[  706] 0, 4666, 2
[ 1944] 0, 52753, 2
[  562] 0, 186332, 2
[ 1657] 0, 59373, 2
[  886] 0, 115491, 2
[   57] 0, 1998, 2
[  818] 0, 2661, 2
[  938] 0, 50315, 2
[ 1995] 0, 1365, 2
[  248] 0, 3901, 2
[ 1827] 0, 186331, 2
[  282] 0, 186330, 2
[  615] 0, 177734, 2
[  564] 0, 12994, 2
[ 1881] 0, 169291, 2
[  438] 0, 125290, 2
[  237] 0, 186329, 2
[ 1169] 0, 158595, 2
[  625] 0, 90972, 2
[B1 - LRU]
---------------------------------------------

[node 0]
ram_reads = 60798
ram_writes = 496350
ssd_reads = 0
ssd_writes = 0
hdd_reads = 496350
hdd_writes = 0
cache_hits = 60798
cache_misses = 496350
cache_replacements = 494350

hit ratio = 10.91
cache status --------------------------------
MRU
[    0] 0, 186880, 496349
[    1] 0, 36443, 496348
[    2] 0, 10548, 496347
[    3] 0, 186879, 496346
[    4] 0, 186878, 496345
[    5] 0, 186877, 496344
[    6] 0, 99074, 496343
[    7] 0, 186876, 496342
[    8] 0, 186875, 496341
[    9] 0, 186874, 496340
[   10] 0, 186873, 496339
[   11] 0, 185493, 496338
[   12] 0, 186872, 496337
[   13] 0, 186871, 496336
[   14] 0, 5058, 496335
[   15] 0, 10560, 496334
[   16] 0, 3728, 496333
[   17] 0, 186870, 496332
[   18] 0, 186869, 496331
[   19] 0, 10556, 496330
[   20] 0, 186868, 496329
[   21] 0, 186867, 496328
[   22] 0, 8689, 496327
[   23] 0, 185457, 496326
[   24] 0, 186866, 496325
[   25] 0, 186865, 496324
[   26] 0, 86721, 496323
[   27] 0, 186864, 496322
[   28] 0, 186863, 496321
[   29] 0, 48748, 496320
[   30] 0, 186862, 496319
[   31] 0, 186814, 496217
[   32] 0, 186861, 496318
[   33] 0, 4497, 496317
[   34] 0, 24003, 496316
[   35] 0, 186860, 496315
[   36] 0, 42196, 496314
[   37] 0, 30788, 496313
[   38] 0, 121866, 496312
[   39] 0, 67384, 496311
[   40] 0, 186859, 496310
[   41] 0, 186858, 496309
[   42] 0, 34184, 496308
[   43] 0, 34088, 496208
[   44] 0, 59277, 496307
[   45] 0, 149550, 496306
[   46] 0, 59139, 496305
[   47] 0, 186857, 496304
[   48] 0, 15557, 496303
[   49] 0, 186856, 496302
[   50] 0, 9564, 496301
[   51] 0, 5062, 496300
[   52] 0, 186855, 496299
[   53] 0, 42623, 496298
[   54] 0, 81805, 496297
[   55] 0, 186854, 496296
[   56] 0, 186819, 496223
[   57] 0, 59290, 496295
[   58] 0, 186853, 496294
[   59] 0, 186852, 496293
[   60] 0, 51163, 496292
[   61] 0, 1224, 495819
[   62] 0, 186851, 496291
[   63] 0, 186850, 496290
[   64] 0, 66781, 496289
[   65] 0, 79800, 496288
[   66] 0, 142422, 496287
[   67] 0, 123564, 496286
[   68] 0, 21579, 496285
[   69] 0, 36862, 496284
[   70] 0, 186849, 496283
[   71] 0, 186848, 496282
[   72] 0, 184901, 496281
[   73] 0, 186847, 496280
[   74] 0, 184864, 496279
[   75] 0, 186846, 496278
[   76] 0, 169081, 496277
[   77] 0, 178120, 496276
[   78] 0, 186845, 496275
[   79] 0, 186844, 496274
[   80] 0, 8378, 496273
[   81] 0, 53361, 496272
[   82] 0, 79804, 496271
[   83] 0, 186843, 496270
[   84] 0, 25917, 496269
[   85] 0, 59541, 496268
[   86] 0, 186842, 496267
[   87] 0, 102306, 496266
[   88] 0, 125943, 496265
[   89] 0, 186841, 496264
[   90] 0, 5207, 496263
[   91] 0, 74051, 496262
[   92] 0, 13563, 496261
[   93] 0, 127826, 496260
[   94] 0, 186840, 496259
[   95] 0, 12382, 496258
[   96] 0, 186839, 496257
[   97] 0, 1190, 496256
[   98] 0, 126270, 496255
[   99] 0, 186838, 496254
[  100] 0, 186837, 496253
[  101] 0, 31738, 495959
[  102] 0, 186836, 496252
[  103] 0, 186835, 496251
[  104] 0, 6000, 495843
[  105] 0, 186834, 496250
[  106] 0, 13858, 496249
[  107] 0, 127829, 496248
[  108] 0, 186833, 496247
[  109] 0, 7129, 496246
[  110] 0, 186832, 496245
[  111] 0, 186831, 496244
[  112] 0, 156850, 496243
[  113] 0, 186830, 496242
[  114] 0, 186829, 496241
[  115] 0, 157425, 496240
[  116] 0, 127824, 496239
[  117] 0, 124180, 496238
[  118] 0, 186828, 496237
[  119] 0, 186827, 496236
[  120] 0, 108780, 496235
[  121] 0, 186826, 496234
[  122] 0, 125697, 496233
[  123] 0, 50311, 496232
[  124] 0, 6747, 496231
[  125] 0, 186825, 496230
[  126] 0, 186824, 496229
[  127] 0, 186823, 496228
[  128] 0, 186822, 496227
[  129] 0, 186821, 496226
[  130] 0, 27057, 496225
[  131] 0, 186820, 496224
[  132] 0, 186818, 496222
[  133] 0, 186817, 496221
[  134] 0, 186816, 496220
[  135] 0, 186815, 496219
[  136] 0, 153970, 495439
[  137] 0, 8329, 496218
[  138] 0, 186813, 496216
[  139] 0, 186812, 496215
[  140] 0, 186811, 496214
[  141] 0, 3006, 496213
[  142] 0, 3031, 496134
[  143] 0, 186810, 496212
[  144] 0, 186809, 496211
[  145] 0, 186748, 496079
[  146] 0, 178424, 496210
[  147] 0, 68354, 496209
[  148] 0, 5886, 496207
[  149] 0, 186808, 496206
[  150] 0, 186807, 496205
[  151] 0, 186806, 496204
[  152] 0, 186805, 496203
[  153] 0, 119930, 495232
[  154] 0, 5446, 496202
[  155] 0, 186772, 496125
[  156] 0, 5444, 496201
[  157] 0, 186804, 496200
[  158] 0, 91382, 496199
[  159] 0, 22085, 496198
[  160] 0, 186803, 496197
[  161] 0, 186768, 496121
[  162] 0, 152110, 496196
[  163] 0, 127, 496195
[  164] 0, 186802, 496194
[  165] 0, 186801, 496193
[  166] 0, 186800, 496192
[  167] 0, 5376, 496191
[  168] 0, 3418, 496096
[  169] 0, 186799, 496190
[  170] 0, 175618, 496189
[  171] 0, 186798, 496188
[  172] 0, 33374, 496187
[  173] 0, 186797, 496186
[  174] 0, 186796, 496185
[  175] 0, 184948, 496132
[  176] 0, 184975, 496184
[  177] 0, 175602, 496183
[  178] 0, 92925, 496182
[  179] 0, 186795, 496181
[  180] 0, 186794, 496180
[  181] 0, 76454, 496179
[  182] 0, 186793, 496178
[  183] 0, 2387, 496177
[  184] 0, 2543, 496093
[  185] 0, 186792, 496176
[  186] 0, 186791, 496175
[  187] 0, 16460, 496174
[  188] 0, 186790, 496173
[  189] 0, 165090, 496172
[  190] 0, 15743, 496171
[  191] 0, 186789, 496170
[  192] 0, 186788, 496169
[  193] 0, 186787, 496168
[  194] 0, 11111, 496167
[  195] 0, 16273, 496166
[  196] 0, 64180, 495450
[  197] 0, 186786, 496165
[  198] 0, 48393, 496164
[  199] 0, 34915, 496163
[  200] 0, 186785, 496162
[  201] 0, 62, 496161
[  202] 0, 5571, 496160
[  203] 0, 186784, 496159
[  204] 0, 58, 495553
[  205] 0, 186783, 496158
[  206] 0, 12017, 496157
[  207] 0, 12016, 496156
[  208] 0, 95369, 496155
[  209] 0, 1667, 496154
[  210] 0, 1666, 496153
[  211] 0, 186782, 496152
[  212] 0, 43651, 496151
[  213] 0, 186781, 496150
[  214] 0, 186780, 496149
[  215] 0, 186779, 496148
[  216] 0, 165091, 496147
[  217] 0, 186778, 496146
[  218] 0, 184217, 496145
[  219] 0, 186777, 496144
[  220] 0, 124879, 496143
[  221] 0, 48402, 496142
[  222] 0, 186776, 496141
[  223] 0, 186775, 496140
[  224] 0, 1656, 496139
[  225] 0, 1655, 496138
[  226] 0, 186774, 496137
[  227] 0, 4822, 496136
[  228] 0, 186773, 496135
[  229] 0, 124878, 496133
[  230] 0, 379, 496131
[  231] 0, 378, 496130
[  232] 0, 153516, 496129
[  233] 0, 369, 496128
[  234] 0, 368, 496127
[  235] 0, 5540, 496126
[  236] 0, 186771, 496124
[  237] 0, 186770, 496123
[  238] 0, 186769, 496122
[  239] 0, 186767, 496120
[  240] 0, 186766, 496119
[  241] 0, 186765, 496118
[  242] 0, 186764, 496117
[  243] 0, 3389, 496116
[  244] 0, 183472, 496115
[  245] 0, 4137, 496114
[  246] 0, 186763, 496113
[  247] 0, 36460, 496112
[  248] 0, 186762, 496111
[  249] 0, 186761, 496110
[  250] 0, 3499, 496109
[  251] 0, 8225, 496108
[  252] 0, 186760, 496107
[  253] 0, 186759, 496106
[  254] 0, 143309, 496105
[  255] 0, 60759, 496104
[  256] 0, 9023, 496103
[  257] 0, 176234, 496102
[  258] 0, 186758, 496101
[  259] 0, 97783, 496009
[  260] 0, 97743, 496100
[  261] 0, 49076, 494110
[  262] 0, 186757, 496099
[  263] 0, 186756, 496098
[  264] 0, 169494, 496097
[  265] 0, 186755, 496095
[  266] 0, 186754, 496094
[  267] 0, 28168, 496092
[  268] 0, 10886, 496091
[  269] 0, 8214, 496090
[  270] 0, 186753, 496089
[  271] 0, 186752, 496088
[  272] 0, 48362, 496087
[  273] 0, 120337, 496086
[  274] 0, 186751, 496085
[  275] 0, 3469, 496084
[  276] 0, 186750, 496083
[  277] 0, 186749, 496082
[  278] 0, 48358, 496081
[  279] 0, 1501, 496080
[  280] 0, 3525, 496078
[  281] 0, 181461, 496077
[  282] 0, 186747, 496076
[  283] 0, 4774, 496075
[  284] 0, 120814, 495092
[  285] 0, 186746, 496074
[  286] 0, 186745, 496073
[  287] 0, 186744, 496072
[  288] 0, 51477, 496071
[  289] 0, 3513, 496070
[  290] 0, 156112, 496069
[  291] 0, 186743, 496068
[  292] 0, 177576, 496067
[  293] 0, 120813, 495088
[  294] 0, 186742, 496066
[  295] 0, 186741, 496065
[  296] 0, 186740, 496064
[  297] 0, 186739, 496063
[  298] 0, 137795, 494478
[  299] 0, 186738, 496062
[  300] 0, 92131, 496061
[  301] 0, 186737, 496060
[  302] 0, 181473, 496059
[  303] 0, 186736, 496058
[  304] 0, 156113, 496057
[  305] 0, 186735, 496056
[  306] 0, 35085, 496055
[  307] 0, 99822, 496054
[  308] 0, 916, 496053
[  309] 0, 1571, 494574
[  310] 0, 186734, 496052
[  311] 0, 166063, 496051
[  312] 0, 4753, 496050
[  313] 0, 80425, 496049
[  314] 0, 129112, 496048
[  315] 0, 88471, 496047
[  316] 0, 59897, 496046
[  317] 0, 20471, 496045
[  318] 0, 88863, 496044
[  319] 0, 2812, 496043
[  320] 0, 109721, 496042
[  321] 0, 186733, 496041
[  322] 0, 186732, 496040
[  323] 0, 186731, 496039
[  324] 0, 59895, 496038
[  325] 0, 186730, 496037
[  326] 0, 186729, 496036
[  327] 0, 186728, 496035
[  328] 0, 186727, 496034
[  329] 0, 186726, 496033
[  330] 0, 9301, 496032
[  331] 0, 54597, 496031
[  332] 0, 186725, 496030
[  333] 0, 166074, 496029
[  334] 0, 51308, 496028
[  335] 0, 186724, 496027
[  336] 0, 114961, 494562
[  337] 0, 186723, 496026
[  338] 0, 186722, 496025
[  339] 0, 5972, 496024
[  340] 0, 9784, 496023
[  341] 0, 114958, 494552
[  342] 0, 136567, 496022
[  343] 0, 183382, 496021
[  344] 0, 120811, 495082
[  345] 0, 186721, 496020
[  346] 0, 147484, 496019
[  347] 0, 186720, 496018
[  348] 0, 186719, 496017
[  349] 0, 115668, 496016
[  350] 0, 186718, 496015
[  351] 0, 186717, 496014
[  352] 0, 186716, 496013
[  353] 0, 120809, 495074
[  354] 0, 219, 496012
[  355] 0, 186715, 496011
[  356] 0, 85272, 495491
[  357] 0, 2892, 496010
[  358] 0, 144314, 496008
[  359] 0, 5636, 496007
[  360] 0, 31771, 496006
[  361] 0, 85236, 495428
[  362] 0, 119808, 496005
[  363] 0, 8405, 496004
[  364] 0, 186714, 496003
[  365] 0, 186713, 496002
[  366] 0, 186712, 496001
[  367] 0, 50789, 496000
[  368] 0, 186711, 495999
[  369] 0, 186710, 495998
[  370] 0, 186709, 495997
[  371] 0, 13139, 495996
[  372] 0, 21423, 495995
[  373] 0, 89869, 495994
[  374] 0, 98933, 495993
[  375] 0, 2636, 495992
[  376] 0, 186708, 495991
[  377] 0, 21418, 495990
[  378] 0, 120468, 495989
[  379] 0, 186707, 495988
[  380] 0, 31795, 495987
[  381] 0, 40156, 495986
[  382] 0, 186706, 495985
[  383] 0, 47311, 495984
[  384] 0, 186705, 495983
[  385] 0, 186704, 495982
[  386] 0, 186703, 495981
[  387] 0, 186702, 495980
[  388] 0, 127383, 495979
[  389] 0, 186701, 495978
[  390] 0, 47170, 495977
[  391] 0, 186700, 495976
[  392] 0, 13915, 495108
[  393] 0, 186699, 495975
[  394] 0, 186698, 495974
[  395] 0, 49453, 495973
[  396] 0, 186697, 495972
[  397] 0, 20426, 495971
[  398] 0, 186696, 495970
[  399] 0, 31748, 495969
[  400] 0, 186695, 495968
[  401] 0, 50768, 495967
[  402] 0, 186694, 495966
[  403] 0, 186693, 495965
[  404] 0, 15799, 495964
[  405] 0, 186692, 495963
[  406] 0, 466, 495962
[  407] 0, 186691, 495961
[  408] 0, 186690, 495960
[  409] 0, 186689, 495958
[  410] 0, 186688, 495957
[  411] 0, 16960, 495956
[  412] 0, 112027, 495955
[  413] 0, 461, 495954
[  414] 0, 29103, 495953
[  415] 0, 185939, 494210
[  416] 0, 186687, 495952
[  417] 0, 31731, 495951
[  418] 0, 186686, 495950
[  419] 0, 55494, 494200
[  420] 0, 532, 493981
[  421] 0, 529, 494949
[  422] 0, 186685, 495949
[  423] 0, 182960, 495948
[  424] 0, 31723, 495947
[  425] 0, 71457, 495946
[  426] 0, 48111, 495945
[  427] 0, 31712, 495944
[  428] 0, 48123, 495943
[  429] 0, 175863, 495942
[  430] 0, 16943, 495941
[  431] 0, 73586, 495940
[  432] 0, 29162, 495939
[  433] 0, 31710, 495938
[  434] 0, 175861, 495937
[  435] 0, 186684, 495936
[  436] 0, 20478, 494925
[  437] 0, 186683, 495935
[  438] 0, 186682, 495934
[  439] 0, 20473, 494920
[  440] 0, 186681, 495933
[  441] 0, 186680, 495932
[  442] 0, 123690, 495931
[  443] 0, 186679, 495930
[  444] 0, 186678, 495929
[  445] 0, 186620, 495826
[  446] 0, 3871, 495928
[  447] 0, 10584, 495927
[  448] 0, 13793, 495926
[  449] 0, 186677, 495925
[  450] 0, 186676, 495924
[  451] 0, 26401, 495923
[  452] 0, 186675, 495922
[  453] 0, 29120, 495921
[  454] 0, 186674, 495920
[  455] 0, 186673, 495919
[  456] 0, 182929, 494160
[  457] 0, 186672, 495918
[  458] 0, 86040, 495917
[  459] 0, 143420, 495916
[  460] 0, 186671, 495915
[  461] 0, 13786, 495914
[  462] 0, 9104, 494289
[  463] 0, 182910, 491417
[  464] 0, 186670, 495913
[  465] 0, 186669, 495912
[  466] 0, 16879, 495911
[  467] 0, 146764, 495910
[  468] 0, 186668, 495909
[  469] 0, 186667, 495908
[  470] 0, 186666, 495907
[  471] 0, 154545, 495906
[  472] 0, 186665, 495905
[  473] 0, 16873, 495904
[  474] 0, 186664, 495903
[  475] 0, 21653, 495902
[  476] 0, 50306, 495901
[  477] 0, 186663, 495900
[  478] 0, 186662, 495899
[  479] 0, 16865, 495898
[  480] 0, 186661, 495897
[  481] 0, 8195, 495823
[  482] 0, 5772, 495896
[  483] 0, 186660, 495895
[  484] 0, 186659, 495894
[  485] 0, 88699, 495893
[  486] 0, 186658, 495892
[  487] 0, 186657, 495891
[  488] 0, 186624, 495830
[  489] 0, 19421, 495890
[  490] 0, 186656, 495889
[  491] 0, 186655, 495888
[  492] 0, 186654, 495887
[  493] 0, 44635, 495886
[  494] 0, 186653, 495885
[  495] 0, 186652, 495884
[  496] 0, 181916, 495883
[  497] 0, 186651, 495882
[  498] 0, 40672, 495881
[  499] 0, 186650, 495880
[  500] 0, 186649, 495879
[  501] 0, 186648, 495878
[  502] 0, 186647, 495877
[  503] 0, 186646, 495876
[  504] 0, 186645, 495875
[  505] 0, 186644, 495874
[  506] 0, 53949, 495873
[  507] 0, 186643, 495872
[  508] 0, 127071, 495871
[  509] 0, 186642, 495870
[  510] 0, 186618, 495820
[  511] 0, 186641, 495869
[  512] 0, 3906, 495868
[  513] 0, 119909, 495867
[  514] 0, 186640, 495866
[  515] 0, 186639, 495865
[  516] 0, 186638, 495864
[  517] 0, 4789, 495863
[  518] 0, 186637, 495862
[  519] 0, 186636, 495861
[  520] 0, 111036, 495860
[  521] 0, 186635, 495859
[  522] 0, 186634, 495858
[  523] 0, 186633, 495857
[  524] 0, 186632, 495856
[  525] 0, 4785, 495855
[  526] 0, 4212, 495854
[  527] 0, 140859, 495853
[  528] 0, 4782, 495852
[  529] 0, 122001, 495851
[  530] 0, 186631, 495850
[  531] 0, 25193, 495849
[  532] 0, 88695, 495848
[  533] 0, 156396, 495847
[  534] 0, 4210, 495846
[  535] 0, 185730, 495845
[  536] 0, 119929, 495844
[  537] 0, 186630, 495842
[  538] 0, 4780, 495841
[  539] 0, 186629, 495840
[  540] 0, 186628, 495839
[  541] 0, 186627, 495838
[  542] 0, 4777, 495837
[  543] 0, 146740, 495836
[  544] 0, 1645, 495835
[  545] 0, 186626, 495834
[  546] 0, 119927, 495833
[  547] 0, 186625, 495832
[  548] 0, 146739, 495831
[  549] 0, 186623, 495829
[  550] 0, 186622, 495828
[  551] 0, 186621, 495827
[  552] 0, 79972, 495825
[  553] 0, 173127, 495824
[  554] 0, 186619, 495822
[  555] 0, 35028, 495821
[  556] 0, 186617, 495818
[  557] 0, 34263, 495817
[  558] 0, 142539, 495816
[  559] 0, 186616, 495815
[  560] 0, 186615, 495814
[  561] 0, 186614, 495813
[  562] 0, 35081, 495812
[  563] 0, 186613, 495811
[  564] 0, 186612, 495810
[  565] 0, 53073, 495809
[  566] 0, 186611, 495808
[  567] 0, 53070, 495807
[  568] 0, 186610, 495806
[  569] 0, 16051, 495805
[  570] 0, 186609, 495804
[  571] 0, 186608, 495803
[  572] 0, 186607, 495802
[  573] 0, 2743, 495801
[  574] 0, 16730, 495800
[  575] 0, 53067, 495799
[  576] 0, 20577, 495719
[  577] 0, 20512, 495798
[  578] 0, 186606, 495797
[  579] 0, 186605, 495796
[  580] 0, 177875, 495795
[  581] 0, 17376, 495794
[  582] 0, 186604, 495793
[  583] 0, 186603, 495792
[  584] 0, 159172, 495728
[  585] 0, 186602, 495791
[  586] 0, 44349, 495790
[  587] 0, 186601, 495789
[  588] 0, 186600, 495788
[  589] 0, 112527, 495787
[  590] 0, 142482, 495786
[  591] 0, 34936, 495785
[  592] 0, 133778, 495784
[  593] 0, 5797, 495783
[  594] 0, 186599, 495782
[  595] 0, 117113, 495694
[  596] 0, 117001, 495781
[  597] 0, 186598, 495780
[  598] 0, 59728, 495779
[  599] 0, 186597, 495778
[  600] 0, 167191, 495777
[  601] 0, 186596, 495776
[  602] 0, 105108, 495689
[  603] 0, 186595, 495775
[  604] 0, 14485, 495692
[  605] 0, 186594, 495774
[  606] 0, 166694, 495773
[  607] 0, 186593, 495772
[  608] 0, 186545, 495671
[  609] 0, 186592, 495771
[  610] 0, 166283, 495770
[  611] 0, 4557, 495769
[  612] 0, 14482, 495687
[  613] 0, 186591, 495768
[  614] 0, 3536, 495767
[  615] 0, 4546, 495766
[  616] 0, 162849, 495765
[  617] 0, 186590, 495764
[  618] 0, 186589, 495763
[  619] 0, 38351, 494446
[  620] 0, 418, 495762
[  621] 0, 14478, 495684
[  622] 0, 161419, 495761
[  623] 0, 72114, 495760
[  624] 0, 18589, 495759
[  625] 0, 111595, 495758
[  626] 0, 161147, 495757
[  627] 0, 186588, 495756
[  628] 0, 186587, 495755
[  629] 0, 12699, 495754
[  630] 0, 160767, 495753
[  631] 0, 186586, 495752
[  632] 0, 186585, 495751
[  633] 0, 186528, 495650
[  634] 0, 186584, 495750
[  635] 0, 9675, 495655
[  636] 0, 186379, 495341
[  637] 0, 6655, 495749
[  638] 0, 3409, 495748
[  639] 0, 160527, 495747
[  640] 0, 186583, 495746
[  641] 0, 175, 495745
[  642] 0, 3406, 495744
[  643] 0, 186582, 495743
[  644] 0, 186519, 495635
[  645] 0, 185625, 495742
[  646] 0, 186581, 495741
[  647] 0, 3386, 495740
[  648] 0, 159957, 495739
[  649] 0, 399, 495738
[  650] 0, 186580, 495737
[  651] 0, 159498, 495736
[  652] 0, 177672, 495735
[  653] 0, 183286, 495734
[  654] 0, 186524, 495643
[  655] 0, 186579, 495733
[  656] 0, 156909, 495732
[  657] 0, 186578, 495731
[  658] 0, 83125, 495730
[  659] 0, 186577, 495729
[  660] 0, 186576, 495727
[  661] 0, 117177, 495726
[  662] 0, 117049, 495602
[  663] 0, 109822, 495725
[  664] 0, 185655, 495724
[  665] 0, 186575, 495723
[  666] 0, 186503, 495599
[  667] 0, 186574, 495722
[  668] 0, 186573, 495721
[  669] 0, 186572, 495720
[  670] 0, 5030, 495718
[  671] 0, 21733, 495717
[  672] 0, 186571, 495716
[  673] 0, 186493, 495585
[  674] 0, 186570, 495715
[  675] 0, 186569, 495714
[  676] 0, 186568, 495713
[  677] 0, 186501, 495595
[  678] 0, 186567, 495712
[  679] 0, 186566, 495711
[  680] 0, 186565, 495710
[  681] 0, 186564, 495709
[  682] 0, 186563, 495708
[  683] 0, 186562, 495707
[  684] 0, 186561, 495706
[  685] 0, 186560, 495705
[  686] 0, 186559, 495704
[  687] 0, 127683, 495703
[  688] 0, 151752, 495702
[  689] 0, 186558, 495701
[  690] 0, 14497, 495700
[  691] 0, 14496, 495699
[  692] 0, 186557, 495698
[  693] 0, 186556, 495697
[  694] 0, 519, 495262
[  695] 0, 6287, 495696
[  696] 0, 186555, 495695
[  697] 0, 14486, 495693
[  698] 0, 186554, 495691
[  699] 0, 186553, 495690
[  700] 0, 186552, 495688
[  701] 0, 14481, 495686
[  702] 0, 14479, 495685
[  703] 0, 186551, 495683
[  704] 0, 186550, 495682
[  705] 0, 186549, 495681
[  706] 0, 186548, 495680
[  707] 0, 6292, 495679
[  708] 0, 175272, 495678
[  709] 0, 3862, 495677
[  710] 0, 115379, 495676
[  711] 0, 186547, 495675
[  712] 0, 6274, 495674
[  713] 0, 49053, 495673
[  714] 0, 186546, 495672
[  715] 0, 186544, 495670
[  716] 0, 108326, 495669
[  717] 0, 186543, 495668
[  718] 0, 186542, 495667
[  719] 0, 72739, 495370
[  720] 0, 186541, 495666
[  721] 0, 186540, 495665
[  722] 0, 186539, 495664
[  723] 0, 186538, 495663
[  724] 0, 186537, 495662
[  725] 0, 186536, 495661
[  726] 0, 186535, 495660
[  727] 0, 116984, 495659
[  728] 0, 186534, 495658
[  729] 0, 186533, 495657
[  730] 0, 186532, 495656
[  731] 0, 9674, 495654
[  732] 0, 186531, 495653
[  733] 0, 186530, 495652
[  734] 0, 186529, 495651
[  735] 0, 186498, 495591
[  736] 0, 186527, 495649
[  737] 0, 25771, 495648
[  738] 0, 186526, 495647
[  739] 0, 6897, 495646
[  740] 0, 15816, 495645
[  741] 0, 186525, 495644
[  742] 0, 124964, 495642
[  743] 0, 971, 495641
[  744] 0, 186523, 495640
[  745] 0, 179446, 495639
[  746] 0, 186522, 495638
[  747] 0, 186521, 495637
[  748] 0, 186520, 495636
[  749] 0, 87360, 495634
[  750] 0, 186518, 495633
[  751] 0, 141916, 495632
[  752] 0, 186517, 495631
[  753] 0, 11605, 495630
[  754] 0, 186516, 495629
[  755] 0, 86401, 495628
[  756] 0, 186515, 495627
[  757] 0, 661, 495626
[  758] 0, 4939, 495625
[  759] 0, 9456, 495624
[  760] 0, 186514, 495623
[  761] 0, 186513, 495622
[  762] 0, 51364, 495621
[  763] 0, 164717, 495620
[  764] 0, 186512, 495619
[  765] 0, 183098, 495618
[  766] 0, 186511, 495617
[  767] 0, 186510, 495616
[  768] 0, 49057, 495615
[  769] 0, 186509, 495614
[  770] 0, 177500, 495613
[  771] 0, 144843, 495612
[  772] 0, 177493, 495611
[  773] 0, 116942, 495610
[  774] 0, 183092, 495609
[  775] 0, 186508, 495608
[  776] 0, 66217, 494818
[  777] 0, 186507, 495607
[  778] 0, 170140, 495606
[  779] 0, 186506, 495605
[  780] 0, 184889, 495604
[  781] 0, 186505, 495603
[  782] 0, 170138, 495601
[  783] 0, 186504, 495600
[  784] 0, 66214, 494804
[  785] 0, 186502, 495598
[  786] 0, 164708, 495597
[  787] 0, 113681, 495596
[  788] 0, 98469, 494797
[  789] 0, 186500, 495594
[  790] 0, 186499, 495593
[  791] 0, 2475, 495592
[  792] 0, 59859, 495506
[  793] 0, 186497, 495590
[  794] 0, 186496, 495589
[  795] 0, 85211, 495588
[  796] 0, 186495, 495587
[  797] 0, 186494, 495586
[  798] 0, 186492, 495584
[  799] 0, 155304, 495583
[  800] 0, 181867, 495582
[  801] 0, 186491, 495581
[  802] 0, 186452, 495487
[  803] 0, 180997, 495580
[  804] 0, 116989, 495579
[  805] 0, 186490, 495578
[  806] 0, 186489, 495577
[  807] 0, 186488, 495576
[  808] 0, 116928, 495575
[  809] 0, 179417, 495574
[  810] 0, 133275, 495573
[  811] 0, 186487, 495572
[  812] 0, 4256, 495571
[  813] 0, 148282, 495570
[  814] 0, 57344, 495496
[  815] 0, 77782, 495569
[  816] 0, 180533, 495568
[  817] 0, 186486, 495567
[  818] 0, 34141, 495566
[  819] 0, 186485, 495565
[  820] 0, 186484, 495564
[  821] 0, 128804, 495563
[  822] 0, 15684, 495562
[  823] 0, 132053, 495561
[  824] 0, 186483, 495560
[  825] 0, 186482, 495559
[  826] 0, 40210, 495301
[  827] 0, 22170, 495558
[  828] 0, 186481, 495557
[  829] 0, 186480, 495556
[  830] 0, 13256, 495555
[  831] 0, 186479, 495554
[  832] 0, 137, 494308
[  833] 0, 186478, 495552
[  834] 0, 13273, 495551
[  835] 0, 186477, 495550
[  836] 0, 186476, 495549
[  837] 0, 79318, 495548
[  838] 0, 186475, 495547
[  839] 0, 186474, 495546
[  840] 0, 47836, 495545
[  841] 0, 10473, 495544
[  842] 0, 125317, 495543
[  843] 0, 186473, 495542
[  844] 0, 186472, 495541
[  845] 0, 144248, 495540
[  846] 0, 186471, 495539
[  847] 0, 186470, 495538
[  848] 0, 186469, 495537
[  849] 0, 186468, 495536
[  850] 0, 186467, 495535
[  851] 0, 186361, 495299
[  852] 0, 186466, 495534
[  853] 0, 186465, 495533
[  854] 0, 1866, 495532
[  855] 0, 186464, 495531
[  856] 0, 147632, 495434
[  857] 0, 48975, 495530
[  858] 0, 186463, 495529
[  859] 0, 16032, 495528
[  860] 0, 186462, 495527
[  861] 0, 125801, 495526
[  862] 0, 148254, 495525
[  863] 0, 64358, 495524
[  864] 0, 91497, 495523
[  865] 0, 81129, 495522
[  866] 0, 186461, 495521
[  867] 0, 173, 494841
[  868] 0, 186460, 495520
[  869] 0, 186459, 495519
[  870] 0, 186458, 495518
[  871] 0, 19464, 495517
[  872] 0, 186457, 495516
[  873] 0, 15561, 495515
[  874] 0, 186456, 495514
[  875] 0, 155019, 495513
[  876] 0, 183581, 495512
[  877] 0, 3024, 495511
[  878] 0, 85, 495510
[  879] 0, 84, 495509
[  880] 0, 185255, 495508
[  881] 0, 82494, 495507
[  882] 0, 3023, 495505
[  883] 0, 45103, 495504
[  884] 0, 186455, 495503
[  885] 0, 130236, 495502
[  886] 0, 171549, 495501
[  887] 0, 41445, 495500
[  888] 0, 186454, 495499
[  889] 0, 82, 495498
[  890] 0, 81, 495497
[  891] 0, 231, 495495
[  892] 0, 230, 495494
[  893] 0, 186453, 495493
[  894] 0, 171547, 495492
[  895] 0, 183586, 495490
[  896] 0, 39381, 495489
[  897] 0, 81144, 495488
[  898] 0, 186451, 495486
[  899] 0, 186450, 495485
[  900] 0, 186449, 495484
[  901] 0, 85268, 495483
[  902] 0, 20560, 493570
[  903] 0, 70553, 495482
[  904] 0, 186448, 495481
[  905] 0, 31101, 495480
[  906] 0, 56727, 495479
[  907] 0, 24041, 494138
[  908] 0, 85265, 495478
[  909] 0, 89947, 495477
[  910] 0, 169466, 495476
[  911] 0, 186447, 495475
[  912] 0, 85262, 495474
[  913] 0, 113347, 495473
[  914] 0, 186446, 495472
[  915] 0, 184115, 495471
[  916] 0, 186445, 495470
[  917] 0, 186444, 495469
[  918] 0, 186443, 495468
[  919] 0, 85259, 495467
[  920] 0, 113346, 495466
[  921] 0, 186442, 495465
[  922] 0, 8375, 495464
[  923] 0, 54451, 495463
[  924] 0, 85257, 495462
[  925] 0, 186441, 495461
[  926] 0, 113342, 495460
[  927] 0, 13261, 494630
[  928] 0, 186440, 495459
[  929] 0, 93384, 495458
[  930] 0, 186439, 495457
[  931] 0, 35171, 495456
[  932] 0, 79319, 495455
[  933] 0, 26279, 495454
[  934] 0, 13252, 494621
[  935] 0, 33568, 495453
[  936] 0, 85254, 495452
[  937] 0, 113340, 495451
[  938] 0, 186438, 495449
[  939] 0, 43727, 495448
[  940] 0, 113344, 495447
[  941] 0, 85251, 495446
[  942] 0, 186437, 495445
[  943] 0, 17954, 494634
[  944] 0, 107010, 495444
[  945] 0, 186436, 495443
[  946] 0, 85250, 495442
[  947] 0, 186435, 495441
[  948] 0, 186434, 495440
[  949] 0, 17942, 494619
[  950] 0, 186433, 495438
[  951] 0, 153974, 495437
[  952] 0, 77914, 495436
[  953] 0, 186368, 495318
[  954] 0, 51839, 495435
[  955] 0, 186432, 495433
[  956] 0, 4672, 495432
[  957] 0, 186431, 495431
[  958] 0, 186430, 495430
[  959] 0, 186429, 495429
[  960] 0, 186333, 495215
[  961] 0, 186428, 495427
[  962] 0, 172792, 495218
[  963] 0, 143746, 495426
[  964] 0, 186427, 495425
[  965] 0, 186426, 495424
[  966] 0, 147942, 495212
[  967] 0, 25159, 495423
[  968] 0, 186341, 495242
[  969] 0, 186425, 495422
[  970] 0, 186424, 495421
[  971] 0, 29387, 495420
[  972] 0, 186423, 495419
[  973] 0, 186422, 495418
[  974] 0, 186421, 495417
[  975] 0, 186420, 495416
[  976] 0, 186419, 495415
[  977] 0, 113629, 495414
[  978] 0, 186418, 495413
[  979] 0, 186417, 495412
[  980] 0, 186416, 495411
[  981] 0, 186415, 495410
[  982] 0, 186414, 495409
[  983] 0, 86267, 495408
[  984] 0, 186413, 495407
[  985] 0, 11573, 495406
[  986] 0, 186412, 495405
[  987] 0, 49396, 495404
[  988] 0, 24077, 495240
[  989] 0, 186411, 495403
[  990] 0, 50450, 494816
[  991] 0, 52059, 495402
[  992] 0, 22362, 495251
[  993] 0, 27054, 495401
[  994] 0, 186410, 495400
[  995] 0, 52999, 495399
[  996] 0, 186409, 495398
[  997] 0, 111754, 495397
[  998] 0, 21755, 495396
[  999] 0, 18523, 495395
[ 1000] 0, 18482, 495268
[ 1001] 0, 1710, 495077
[ 1002] 0, 186408, 495394
[ 1003] 0, 186407, 495393
[ 1004] 0, 12330, 495392
[ 1005] 0, 1012, 495391
[ 1006] 0, 41499, 495390
[ 1007] 0, 18513, 495389
[ 1008] 0, 186406, 495388
[ 1009] 0, 120405, 495387
[ 1010] 0, 186405, 495386
[ 1011] 0, 148879, 495385
[ 1012] 0, 53529, 495275
[ 1013] 0, 32898, 495384
[ 1014] 0, 2350, 494641
[ 1015] 0, 28817, 495383
[ 1016] 0, 184571, 495382
[ 1017] 0, 125967, 495381
[ 1018] 0, 32999, 495380
[ 1019] 0, 186404, 495379
[ 1020] 0, 9241, 494723
[ 1021] 0, 31886, 495286
[ 1022] 0, 186403, 495378
[ 1023] 0, 186402, 495377
[ 1024] 0, 186401, 495376
[ 1025] 0, 186400, 495375
[ 1026] 0, 186399, 495374
[ 1027] 0, 186398, 495373
[ 1028] 0, 186097, 494601
[ 1029] 0, 186096, 494600
[ 1030] 0, 186397, 495372
[ 1031] 0, 72740, 495371
[ 1032] 0, 186396, 495369
[ 1033] 0, 9726, 495368
[ 1034] 0, 186395, 495367
[ 1035] 0, 170011, 495366
[ 1036] 0, 186394, 495365
[ 1037] 0, 186393, 495364
[ 1038] 0, 14530, 495363
[ 1039] 0, 186392, 495362
[ 1040] 0, 186391, 495361
[ 1041] 0, 186390, 495360
[ 1042] 0, 66100, 495359
[ 1043] 0, 186389, 495358
[ 1044] 0, 9715, 495357
[ 1045] 0, 186388, 495356
[ 1046] 0, 21000, 495355
[ 1047] 0, 186387, 495354
[ 1048] 0, 186386, 495353
[ 1049] 0, 2712, 495352
[ 1050] 0, 9710, 495351
[ 1051] 0, 26396, 495350
[ 1052] 0, 186385, 495349
[ 1053] 0, 9613, 495348
[ 1054] 0, 186384, 495347
[ 1055] 0, 186383, 495346
[ 1056] 0, 186382, 495345
[ 1057] 0, 186381, 495344
[ 1058] 0, 186380, 495343
[ 1059] 0, 9705, 495342
[ 1060] 0, 186378, 495340
[ 1061] 0, 28259, 495339
[ 1062] 0, 186377, 495338
[ 1063] 0, 110491, 495337
[ 1064] 0, 186376, 495336
[ 1065] 0, 9693, 495335
[ 1066] 0, 186375, 495334
[ 1067] 0, 186374, 495333
[ 1068] 0, 121050, 495332
[ 1069] 0, 33015, 495331
[ 1070] 0, 18488, 495330
[ 1071] 0, 186373, 495329
[ 1072] 0, 9677, 495328
[ 1073] 0, 136425, 495327
[ 1074] 0, 186372, 495326
[ 1075] 0, 186371, 495325
[ 1076] 0, 9669, 495324
[ 1077] 0, 186370, 495323
[ 1078] 0, 39586, 494169
[ 1079] 0, 183395, 495322
[ 1080] 0, 186369, 495321
[ 1081] 0, 3767, 495320
[ 1082] 0, 2298, 495319
[ 1083] 0, 39612, 494193
[ 1084] 0, 152066, 495168
[ 1085] 0, 39608, 494188
[ 1086] 0, 50429, 494789
[ 1087] 0, 24954, 494742
[ 1088] 0, 80790, 495317
[ 1089] 0, 80789, 495316
[ 1090] 0, 131500, 495214
[ 1091] 0, 131434, 495315
[ 1092] 0, 39596, 494180
[ 1093] 0, 186367, 495314
[ 1094] 0, 186228, 494883
[ 1095] 0, 186366, 495313
[ 1096] 0, 186365, 495312
[ 1097] 0, 181614, 495217
[ 1098] 0, 1791, 495311
[ 1099] 0, 39573, 494231
[ 1100] 0, 186364, 495310
[ 1101] 0, 1028, 495309
[ 1102] 0, 32089, 495308
[ 1103] 0, 17519, 495307
[ 1104] 0, 44706, 495306
[ 1105] 0, 44705, 495305
[ 1106] 0, 131438, 495220
[ 1107] 0, 131495, 494035
[ 1108] 0, 186363, 495304
[ 1109] 0, 186362, 495303
[ 1110] 0, 46371, 495302
[ 1111] 0, 6586, 495224
[ 1112] 0, 6541, 495300
[ 1113] 0, 20845, 495298
[ 1114] 0, 20844, 495297
[ 1115] 0, 147916, 495239
[ 1116] 0, 176992, 495296
[ 1117] 0, 140446, 495295
[ 1118] 0, 173634, 495241
[ 1119] 0, 147917, 495294
[ 1120] 0, 20839, 495293
[ 1121] 0, 20838, 495292
[ 1122] 0, 97720, 495291
[ 1123] 0, 186360, 495290
[ 1124] 0, 186359, 495289
[ 1125] 0, 186358, 495288
[ 1126] 0, 45420, 495287
[ 1127] 0, 8744, 495149
[ 1128] 0, 159860, 495285
[ 1129] 0, 148684, 495284
[ 1130] 0, 186357, 495283
[ 1131] 0, 163924, 495282
[ 1132] 0, 93755, 495281
[ 1133] 0, 159342, 495280
[ 1134] 0, 68550, 495101
[ 1135] 0, 116249, 495279
[ 1136] 0, 186356, 495278
[ 1137] 0, 163919, 495277
[ 1138] 0, 46403, 494146
[ 1139] 0, 9000, 493446
[ 1140] 0, 8999, 493445
[ 1141] 0, 186355, 495276
[ 1142] 0, 545, 495274
[ 1143] 0, 186354, 495273
[ 1144] 0, 161000, 495272
[ 1145] 0, 6111, 493441
[ 1146] 0, 6110, 493440
[ 1147] 0, 541, 495271
[ 1148] 0, 83004, 495270
[ 1149] 0, 186353, 495269
[ 1150] 0, 186313, 495145
[ 1151] 0, 2289, 495267
[ 1152] 0, 2288, 495266
[ 1153] 0, 186352, 495265
[ 1154] 0, 100572, 495264
[ 1155] 0, 10232, 495263
[ 1156] 0, 5106, 495261
[ 1157] 0, 51148, 495260
[ 1158] 0, 18448, 495259
[ 1159] 0, 6108, 491563
[ 1160] 0, 6107, 491562
[ 1161] 0, 186351, 495258
[ 1162] 0, 159327, 495257
[ 1163] 0, 186350, 495256
[ 1164] 0, 186349, 495255
[ 1165] 0, 2253, 495138
[ 1166] 0, 2252, 495137
[ 1167] 0, 186348, 495254
[ 1168] 0, 186347, 495253
[ 1169] 0, 186346, 495252
[ 1170] 0, 186345, 495250
[ 1171] 0, 1903, 495249
[ 1172] 0, 186344, 495248
[ 1173] 0, 186343, 495247
[ 1174] 0, 53821, 492791
[ 1175] 0, 173515, 495246
[ 1176] 0, 5896, 495245
[ 1177] 0, 2853, 495244
[ 1178] 0, 186342, 495243
[ 1179] 0, 2236, 495131
[ 1180] 0, 2235, 495130
[ 1181] 0, 2234, 495125
[ 1182] 0, 2233, 495124
[ 1183] 0, 130799, 495238
[ 1184] 0, 147959, 495237
[ 1185] 0, 172362, 495236
[ 1186] 0, 186340, 495235
[ 1187] 0, 42106, 495234
[ 1188] 0, 186339, 495233
[ 1189] 0, 186338, 495231
[ 1190] 0, 48494, 495230
[ 1191] 0, 88971, 495229
[ 1192] 0, 2512, 495228
[ 1193] 0, 186337, 495227
[ 1194] 0, 134845, 495226
[ 1195] 0, 28994, 495225
[ 1196] 0, 185463, 492745
[ 1197] 0, 69753, 495223
[ 1198] 0, 186336, 495222
[ 1199] 0, 155786, 495221
[ 1200] 0, 186335, 495219
[ 1201] 0, 186334, 495216
[ 1202] 0, 631, 494422
[ 1203] 0, 119055, 495213
[ 1204] 0, 44844, 495211
[ 1205] 0, 4696, 495067
[ 1206] 0, 4666, 495210
[ 1207] 0, 52753, 495209
[ 1208] 0, 8697, 495081
[ 1209] 0, 186332, 495208
[ 1210] 0, 59373, 495207
[ 1211] 0, 1087, 495206
[ 1212] 0, 54205, 495079
[ 1213] 0, 115491, 495205
[ 1214] 0, 1998, 495204
[ 1215] 0, 80444, 495063
[ 1216] 0, 2661, 495203
[ 1217] 0, 50315, 495202
[ 1218] 0, 1365, 495201
[ 1219] 0, 3901, 493473
[ 1220] 0, 186331, 495200
[ 1221] 0, 186330, 495199
[ 1222] 0, 177734, 495198
[ 1223] 0, 12994, 495197
[ 1224] 0, 169291, 495196
[ 1225] 0, 125290, 495195
[ 1226] 0, 186329, 495194
[ 1227] 0, 158595, 495193
[ 1228] 0, 90972, 495192
[ 1229] 0, 1030, 495191
[ 1230] 0, 118583, 495190
[ 1231] 0, 186328, 495189
[ 1232] 0, 36700, 495188
[ 1233] 0, 146131, 495187
[ 1234] 0, 118581, 495186
[ 1235] 0, 16228, 495185
[ 1236] 0, 4108, 495184
[ 1237] 0, 186327, 495183
[ 1238] 0, 186326, 495182
[ 1239] 0, 186325, 495181
[ 1240] 0, 152087, 495180
[ 1241] 0, 186324, 495179
[ 1242] 0, 186323, 495178
[ 1243] 0, 6425, 495177
[ 1244] 0, 186322, 495176
[ 1245] 0, 186321, 495175
[ 1246] 0, 155956, 495071
[ 1247] 0, 155946, 495174
[ 1248] 0, 111109, 495173
[ 1249] 0, 50419, 495172
[ 1250] 0, 14292, 495171
[ 1251] 0, 13428, 495170
[ 1252] 0, 176582, 495169
[ 1253] 0, 52212, 495167
[ 1254] 0, 186320, 495166
[ 1255] 0, 6189, 495165
[ 1256] 0, 157218, 495164
[ 1257] 0, 144152, 495094
[ 1258] 0, 129758, 495163
[ 1259] 0, 186319, 495162
[ 1260] 0, 131367, 495161
[ 1261] 0, 176575, 495160
[ 1262] 0, 145553, 495159
[ 1263] 0, 186318, 495158
[ 1264] 0, 97971, 493809
[ 1265] 0, 162945, 495157
[ 1266] 0, 186317, 495156
[ 1267] 0, 124121, 495155
[ 1268] 0, 124068, 495056
[ 1269] 0, 186316, 495154
[ 1270] 0, 79864, 493806
[ 1271] 0, 186315, 495153
[ 1272] 0, 131374, 495152
[ 1273] 0, 136534, 495151
[ 1274] 0, 1300, 495150
[ 1275] 0, 12616, 494293
[ 1276] 0, 20337, 495148
[ 1277] 0, 186314, 495147
[ 1278] 0, 4846, 495146
[ 1279] 0, 186312, 495144
[ 1280] 0, 33647, 495143
[ 1281] 0, 174576, 495142
[ 1282] 0, 5473, 495141
[ 1283] 0, 5527, 495140
[ 1284] 0, 186311, 495139
[ 1285] 0, 186310, 495136
[ 1286] 0, 186309, 495135
[ 1287] 0, 128240, 495134
[ 1288] 0, 185669, 493471
[ 1289] 0, 176252, 495133
[ 1290] 0, 186308, 495132
[ 1291] 0, 50703, 495129
[ 1292] 0, 65838, 495128
[ 1293] 0, 186307, 495127
[ 1294] 0, 159663, 493533
[ 1295] 0, 183118, 495126
[ 1296] 0, 148219, 495123
[ 1297] 0, 186306, 495122
[ 1298] 0, 1587, 494431
[ 1299] 0, 170701, 495121
[ 1300] 0, 13498, 495120
[ 1301] 0, 120840, 495119
[ 1302] 0, 12438, 495118
[ 1303] 0, 12959, 495117
[ 1304] 0, 186305, 495116
[ 1305] 0, 120834, 495115
[ 1306] 0, 186304, 495114
[ 1307] 0, 8722, 495113
[ 1308] 0, 186303, 495112
[ 1309] 0, 184597, 495111
[ 1310] 0, 11600, 495110
[ 1311] 0, 120832, 495109
[ 1312] 0, 131406, 495107
[ 1313] 0, 186302, 495106
[ 1314] 0, 11593, 495105
[ 1315] 0, 120831, 495104
[ 1316] 0, 186301, 495103
[ 1317] 0, 78170, 495102
[ 1318] 0, 120821, 495100
[ 1319] 0, 186300, 495099
[ 1320] 0, 131408, 495098
[ 1321] 0, 19628, 495097
[ 1322] 0, 186299, 495096
[ 1323] 0, 120816, 495095
[ 1324] 0, 154101, 495093
[ 1325] 0, 186298, 495091
[ 1326] 0, 186297, 495090
[ 1327] 0, 79676, 495089
[ 1328] 0, 186296, 495087
[ 1329] 0, 4554, 495086
[ 1330] 0, 186295, 495085
[ 1331] 0, 90963, 495084
[ 1332] 0, 152060, 494039
[ 1333] 0, 143615, 495083
[ 1334] 0, 110602, 495080
[ 1335] 0, 182312, 495078
[ 1336] 0, 2459, 495076
[ 1337] 0, 59352, 495075
[ 1338] 0, 186294, 495073
[ 1339] 0, 186293, 495072
[ 1340] 0, 54365, 493507
[ 1341] 0, 120806, 495070
[ 1342] 0, 186292, 495069
[ 1343] 0, 5622, 495068
[ 1344] 0, 17234, 495066
[ 1345] 0, 186291, 495065
[ 1346] 0, 8925, 495064
[ 1347] 0, 182542, 495062
[ 1348] 0, 147777, 495061
[ 1349] 0, 186290, 495060
[ 1350] 0, 186289, 495059
[ 1351] 0, 186288, 495058
[ 1352] 0, 60985, 495057
[ 1353] 0, 99165, 495055
[ 1354] 0, 50666, 495054
[ 1355] 0, 111860, 495053
[ 1356] 0, 164187, 495052
[ 1357] 0, 164195, 493819
[ 1358] 0, 186287, 495051
[ 1359] 0, 186286, 495050
[ 1360] 0, 178614, 495049
[ 1361] 0, 182729, 494112
[ 1362] 0, 157673, 493828
[ 1363] 0, 185041, 495048
[ 1364] 0, 72776, 495047
[ 1365] 0, 145192, 495046
[ 1366] 0, 48781, 495045
[ 1367] 0, 48777, 495044
[ 1368] 0, 115832, 495043
[ 1369] 0, 3283, 495042
[ 1370] 0, 23653, 493612
[ 1371] 0, 12520, 495041
[ 1372] 0, 186285, 495040
[ 1373] 0, 184655, 495039
[ 1374] 0, 68551, 495038
[ 1375] 0, 25279, 495037
[ 1376] 0, 145562, 495036
[ 1377] 0, 33950, 495035
[ 1378] 0, 186284, 495034
[ 1379] 0, 105323, 495033
[ 1380] 0, 33944, 495032
[ 1381] 0, 2407, 495031
[ 1382] 0, 3825, 495030
[ 1383] 0, 186283, 495029
[ 1384] 0, 5152, 495028
[ 1385] 0, 147277, 495027
[ 1386] 0, 53547, 495026
[ 1387] 0, 17292, 494547
[ 1388] 0, 20931, 495025
[ 1389] 0, 17279, 494545
[ 1390] 0, 186282, 495024
[ 1391] 0, 1200, 494205
[ 1392] 0, 186281, 495023
[ 1393] 0, 182631, 494176
[ 1394] 0, 56426, 495022
[ 1395] 0, 111400, 495021
[ 1396] 0, 1840, 495020
[ 1397] 0, 3628, 495019
[ 1398] 0, 186280, 495018
[ 1399] 0, 186279, 495017
[ 1400] 0, 186278, 495016
[ 1401] 0, 186277, 495015
[ 1402] 0, 53598, 495014
[ 1403] 0, 186276, 495013
[ 1404] 0, 144946, 495012
[ 1405] 0, 186275, 495011
[ 1406] 0, 186274, 495010
[ 1407] 0, 182248, 494251
[ 1408] 0, 186273, 495009
[ 1409] 0, 186272, 495008
[ 1410] 0, 127700, 495007
[ 1411] 0, 56435, 493756
[ 1412] 0, 186271, 495006
[ 1413] 0, 185760, 493750
[ 1414] 0, 77598, 495005
[ 1415] 0, 186270, 495004
[ 1416] 0, 77593, 495003
[ 1417] 0, 1302, 495002
[ 1418] 0, 186269, 495001
[ 1419] 0, 77590, 495000
[ 1420] 0, 4085, 494999
[ 1421] 0, 77587, 494998
[ 1422] 0, 9294, 494997
[ 1423] 0, 24805, 494996
[ 1424] 0, 136281, 494995
[ 1425] 0, 6691, 494994
[ 1426] 0, 77585, 494993
[ 1427] 0, 186268, 494992
[ 1428] 0, 185872, 494010
[ 1429] 0, 1047, 494991
[ 1430] 0, 186267, 494990
[ 1431] 0, 77584, 494989
[ 1432] 0, 88688, 494988
[ 1433] 0, 8211, 494987
[ 1434] 0, 12341, 494986
[ 1435] 0, 186266, 494985
[ 1436] 0, 186265, 494984
[ 1437] 0, 145678, 494983
[ 1438] 0, 1117, 494108
[ 1439] 0, 77583, 494982
[ 1440] 0, 6452, 494981
[ 1441] 0, 27705, 494980
[ 1442] 0, 186264, 494979
[ 1443] 0, 77582, 494978
[ 1444] 0, 5809, 494977
[ 1445] 0, 186263, 494976
[ 1446] 0, 186262, 494975
[ 1447] 0, 16894, 494974
[ 1448] 0, 4345, 494973
[ 1449] 0, 147569, 494972
[ 1450] 0, 22400, 494971
[ 1451] 0, 22388, 494970
[ 1452] 0, 52287, 494969
[ 1453] 0, 6875, 494968
[ 1454] 0, 186261, 494967
[ 1455] 0, 91821, 494966
[ 1456] 0, 492, 494965
[ 1457] 0, 186260, 494964
[ 1458] 0, 2167, 494963
[ 1459] 0, 52285, 494962
[ 1460] 0, 186259, 494961
[ 1461] 0, 2106, 494960
[ 1462] 0, 4424, 494959
[ 1463] 0, 144491, 494958
[ 1464] 0, 102989, 494957
[ 1465] 0, 186258, 494956
[ 1466] 0, 174300, 494955
[ 1467] 0, 186257, 494954
[ 1468] 0, 127019, 494953
[ 1469] 0, 186256, 494952
[ 1470] 0, 186255, 494951
[ 1471] 0, 83331, 494950
[ 1472] 0, 147069, 494948
[ 1473] 0, 178990, 494947
[ 1474] 0, 94605, 494946
[ 1475] 0, 186254, 494945
[ 1476] 0, 179000, 494944
[ 1477] 0, 186253, 494943
[ 1478] 0, 175192, 494942
[ 1479] 0, 5486, 494941
[ 1480] 0, 99457, 494940
[ 1481] 0, 142670, 494939
[ 1482] 0, 21339, 493676
[ 1483] 0, 745, 494938
[ 1484] 0, 970, 494937
[ 1485] 0, 186252, 494936
[ 1486] 0, 128114, 494935
[ 1487] 0, 186251, 494934
[ 1488] 0, 6550, 494933
[ 1489] 0, 186250, 494932
[ 1490] 0, 186249, 494931
[ 1491] 0, 120871, 494930
[ 1492] 0, 146556, 494929
[ 1493] 0, 186248, 494928
[ 1494] 0, 95415, 494927
[ 1495] 0, 186247, 494926
[ 1496] 0, 75063, 493084
[ 1497] 0, 172274, 494924
[ 1498] 0, 186246, 494923
[ 1499] 0, 9999, 494922
[ 1500] 0, 182316, 494921
[ 1501] 0, 186245, 494919
[ 1502] 0, 186244, 494918
[ 1503] 0, 34164, 494917
[ 1504] 0, 186243, 494916
[ 1505] 0, 26674, 494915
[ 1506] 0, 186242, 494914
[ 1507] 0, 186241, 494913
[ 1508] 0, 2755, 494830
[ 1509] 0, 1357, 494912
[ 1510] 0, 2696, 494911
[ 1511] 0, 8369, 494829
[ 1512] 0, 186240, 494910
[ 1513] 0, 186239, 494909
[ 1514] 0, 111616, 494908
[ 1515] 0, 1966, 494907
[ 1516] 0, 20794, 494906
[ 1517] 0, 34152, 494905
[ 1518] 0, 4008, 494904
[ 1519] 0, 186238, 494903
[ 1520] 0, 186237, 494902
[ 1521] 0, 19339, 494901
[ 1522] 0, 186236, 494900
[ 1523] 0, 186235, 494899
[ 1524] 0, 1955, 494898
[ 1525] 0, 186234, 494897
[ 1526] 0, 72370, 494896
[ 1527] 0, 20377, 494895
[ 1528] 0, 3214, 494894
[ 1529] 0, 78442, 494893
[ 1530] 0, 186233, 494892
[ 1531] 0, 143355, 494891
[ 1532] 0, 32756, 494890
[ 1533] 0, 186232, 494889
[ 1534] 0, 4294, 494888
[ 1535] 0, 186231, 494887
[ 1536] 0, 147364, 494886
[ 1537] 0, 186230, 494885
[ 1538] 0, 186229, 494884
[ 1539] 0, 186227, 494882
[ 1540] 0, 186226, 494881
[ 1541] 0, 8334, 494880
[ 1542] 0, 143880, 494879
[ 1543] 0, 186225, 494878
[ 1544] 0, 186224, 494877
[ 1545] 0, 186223, 494876
[ 1546] 0, 186222, 494875
[ 1547] 0, 183549, 494874
[ 1548] 0, 4787, 494873
[ 1549] 0, 54393, 494872
[ 1550] 0, 186221, 494871
[ 1551] 0, 146835, 494870
[ 1552] 0, 186220, 494869
[ 1553] 0, 186219, 494868
[ 1554] 0, 2720, 494867
[ 1555] 0, 186218, 494866
[ 1556] 0, 186155, 494711
[ 1557] 0, 61997, 494865
[ 1558] 0, 97561, 493793
[ 1559] 0, 78392, 494864
[ 1560] 0, 186217, 494863
[ 1561] 0, 186216, 494862
[ 1562] 0, 6973, 494861
[ 1563] 0, 53690, 494860
[ 1564] 0, 186160, 494727
[ 1565] 0, 186215, 494859
[ 1566] 0, 186214, 494858
[ 1567] 0, 186213, 494857
[ 1568] 0, 78386, 494856
[ 1569] 0, 186212, 494855
[ 1570] 0, 186174, 494755
[ 1571] 0, 186211, 494854
[ 1572] 0, 186210, 494853
[ 1573] 0, 1876, 494852
[ 1574] 0, 90684, 494851
[ 1575] 0, 186209, 494850
[ 1576] 0, 155783, 494761
[ 1577] 0, 186208, 494849
[ 1578] 0, 90683, 494848
[ 1579] 0, 186207, 494847
[ 1580] 0, 186206, 494846
[ 1581] 0, 3766, 494845
[ 1582] 0, 186205, 494844
[ 1583] 0, 62918, 494843
[ 1584] 0, 78382, 494842
[ 1585] 0, 163580, 494840
[ 1586] 0, 118830, 494839
[ 1587] 0, 126794, 494838
[ 1588] 0, 11376, 494837
[ 1589] 0, 136400, 494836
[ 1590] 0, 25895, 494835
[ 1591] 0, 26463, 494763
[ 1592] 0, 25776, 494834
[ 1593] 0, 186204, 494833
[ 1594] 0, 32593, 494832
[ 1595] 0, 47952, 494831
[ 1596] 0, 26052, 494828
[ 1597] 0, 11373, 494827
[ 1598] 0, 1851, 494826
[ 1599] 0, 2693, 494825
[ 1600] 0, 186203, 494824
[ 1601] 0, 65402, 494823
[ 1602] 0, 186202, 494822
[ 1603] 0, 32579, 494821
[ 1604] 0, 11370, 494820
[ 1605] 0, 130051, 494819
[ 1606] 0, 186201, 494817
[ 1607] 0, 11368, 494815
[ 1608] 0, 186200, 494814
[ 1609] 0, 186199, 494813
[ 1610] 0, 23818, 494812
[ 1611] 0, 186198, 494811
[ 1612] 0, 21672, 494810
[ 1613] 0, 21671, 494809
[ 1614] 0, 19127, 494808
[ 1615] 0, 150600, 494807
[ 1616] 0, 186197, 494806
[ 1617] 0, 11364, 494805
[ 1618] 0, 21650, 494347
[ 1619] 0, 21649, 494346
[ 1620] 0, 138227, 494803
[ 1621] 0, 186196, 494802
[ 1622] 0, 38980, 494801
[ 1623] 0, 186195, 494800
[ 1624] 0, 186194, 494799
[ 1625] 0, 186193, 494798
[ 1626] 0, 186192, 494796
[ 1627] 0, 163572, 494795
[ 1628] 0, 186191, 494794
[ 1629] 0, 186190, 494793
[ 1630] 0, 4445, 494792
[ 1631] 0, 186189, 494791
[ 1632] 0, 186188, 494790
[ 1633] 0, 99310, 494788
[ 1634] 0, 128733, 494787
[ 1635] 0, 2745, 494786
[ 1636] 0, 186187, 494785
[ 1637] 0, 186186, 494784
[ 1638] 0, 8393, 494344
[ 1639] 0, 8392, 494343
[ 1640] 0, 186185, 494783
[ 1641] 0, 186184, 494782
[ 1642] 0, 32543, 494781
[ 1643] 0, 120440, 494616
[ 1644] 0, 186183, 494780
[ 1645] 0, 2067, 494332
[ 1646] 0, 2066, 494331
[ 1647] 0, 140907, 494779
[ 1648] 0, 32537, 494778
[ 1649] 0, 128734, 494777
[ 1650] 0, 65443, 494776
[ 1651] 0, 186182, 494775
[ 1652] 0, 46829, 494774
[ 1653] 0, 186181, 494773
[ 1654] 0, 17568, 494772
[ 1655] 0, 46110, 494771
[ 1656] 0, 92327, 494770
[ 1657] 0, 186180, 494769
[ 1658] 0, 186179, 494768
[ 1659] 0, 52676, 494767
[ 1660] 0, 17558, 494766
[ 1661] 0, 44475, 494765
[ 1662] 0, 186178, 494764
[ 1663] 0, 186177, 494762
[ 1664] 0, 6939, 494315
[ 1665] 0, 6990, 494760
[ 1666] 0, 16445, 494759
[ 1667] 0, 186176, 494758
[ 1668] 0, 186175, 494757
[ 1669] 0, 103512, 494756
[ 1670] 0, 186059, 494528
[ 1671] 0, 65861, 494754
[ 1672] 0, 146654, 494753
[ 1673] 0, 101410, 494752
[ 1674] 0, 186081, 494573
[ 1675] 0, 104730, 494751
[ 1676] 0, 186173, 494750
[ 1677] 0, 17106, 494749
[ 1678] 0, 186100, 494604
[ 1679] 0, 186172, 494748
[ 1680] 0, 4260, 494747
[ 1681] 0, 25751, 494746
[ 1682] 0, 186171, 494745
[ 1683] 0, 4592, 494744
[ 1684] 0, 4620, 494689
[ 1685] 0, 21017, 494743
[ 1686] 0, 20928, 494627
[ 1687] 0, 4567, 494741
[ 1688] 0, 186170, 494740
[ 1689] 0, 186169, 494739
[ 1690] 0, 21387, 494738
[ 1691] 0, 186168, 494737
[ 1692] 0, 77813, 494736
[ 1693] 0, 186167, 494735
[ 1694] 0, 186166, 494734
[ 1695] 0, 186117, 494642
[ 1696] 0, 186165, 494733
[ 1697] 0, 186164, 494732
[ 1698] 0, 186163, 494731
[ 1699] 0, 186037, 494477
[ 1700] 0, 186162, 494730
[ 1701] 0, 4410, 494729
[ 1702] 0, 186161, 494728
[ 1703] 0, 4387, 491304
[ 1704] 0, 186159, 494726
[ 1705] 0, 2137, 493359
[ 1706] 0, 186119, 494647
[ 1707] 0, 179619, 494725
[ 1708] 0, 4757, 494724
[ 1709] 0, 25744, 494722
[ 1710] 0, 186158, 494721
[ 1711] 0, 186134, 494668
[ 1712] 0, 47416, 494568
[ 1713] 0, 186157, 494720
[ 1714] 0, 55396, 494719
[ 1715] 0, 50309, 494718
[ 1716] 0, 75084, 494717
[ 1717] 0, 75083, 494716
[ 1718] 0, 186156, 494715
[ 1719] 0, 75076, 494714
[ 1720] 0, 75075, 494713
[ 1721] 0, 51701, 494712
[ 1722] 0, 186154, 494710
[ 1723] 0, 179599, 494709
[ 1724] 0, 77808, 494708
[ 1725] 0, 186153, 494707
[ 1726] 0, 186152, 494706
[ 1727] 0, 124270, 494705
[ 1728] 0, 186151, 494704
[ 1729] 0, 186150, 494703
[ 1730] 0, 84553, 494702
[ 1731] 0, 665, 494701
[ 1732] 0, 63641, 494700
[ 1733] 0, 186149, 494699
[ 1734] 0, 65365, 494698
[ 1735] 0, 75809, 494645
[ 1736] 0, 76271, 494697
[ 1737] 0, 38603, 494696
[ 1738] 0, 152691, 494695
[ 1739] 0, 186148, 494694
[ 1740] 0, 9105, 493029
[ 1741] 0, 23528, 494693
[ 1742] 0, 186147, 494692
[ 1743] 0, 186146, 494691
[ 1744] 0, 6943, 494320
[ 1745] 0, 186145, 494690
[ 1746] 0, 45398, 494688
[ 1747] 0, 1812, 494687
[ 1748] 0, 186144, 494686
[ 1749] 0, 186143, 494685
[ 1750] 0, 186142, 494684
[ 1751] 0, 62051, 494683
[ 1752] 0, 186141, 494682
[ 1753] 0, 186140, 494681
[ 1754] 0, 186139, 494680
[ 1755] 0, 186138, 494679
[ 1756] 0, 22615, 494142
[ 1757] 0, 9610, 494678
[ 1758] 0, 389, 494677
[ 1759] 0, 20982, 494676
[ 1760] 0, 51695, 494675
[ 1761] 0, 4118, 494625
[ 1762] 0, 4818, 494674
[ 1763] 0, 186137, 494673
[ 1764] 0, 186136, 494672
[ 1765] 0, 186135, 494671
[ 1766] 0, 163525, 494670
[ 1767] 0, 20974, 494669
[ 1768] 0, 186089, 494588
[ 1769] 0, 186133, 494667
[ 1770] 0, 186132, 494666
[ 1771] 0, 140013, 494665
[ 1772] 0, 186131, 494664
[ 1773] 0, 186130, 494663
[ 1774] 0, 20960, 494662
[ 1775] 0, 186129, 494661
[ 1776] 0, 186128, 494660
[ 1777] 0, 2146, 494659
[ 1778] 0, 57209, 494658
[ 1779] 0, 53540, 494104
[ 1780] 0, 186127, 494657
[ 1781] 0, 186126, 494656
[ 1782] 0, 186125, 494655
[ 1783] 0, 186124, 494654
[ 1784] 0, 2139, 494653
[ 1785] 0, 73280, 494652
[ 1786] 0, 186123, 494651
[ 1787] 0, 186122, 494650
[ 1788] 0, 186121, 494649
[ 1789] 0, 53535, 494098
[ 1790] 0, 186120, 494648
[ 1791] 0, 8453, 494646
[ 1792] 0, 186118, 494644
[ 1793] 0, 10283, 494643
[ 1794] 0, 75069, 494640
[ 1795] 0, 75068, 494639
[ 1796] 0, 53532, 494092
[ 1797] 0, 186116, 494638
[ 1798] 0, 186115, 494637
[ 1799] 0, 186114, 494636
[ 1800] 0, 53524, 494089
[ 1801] 0, 186113, 494635
[ 1802] 0, 170126, 494633
[ 1803] 0, 49927, 494632
[ 1804] 0, 53520, 494083
[ 1805] 0, 186112, 494631
[ 1806] 0, 41412, 494629
[ 1807] 0, 105901, 494628
[ 1808] 0, 151129, 494626
[ 1809] 0, 186111, 494624
[ 1810] 0, 49930, 494623
[ 1811] 0, 186110, 494622
[ 1812] 0, 186109, 494620
[ 1813] 0, 80228, 494618
[ 1814] 0, 186108, 494617
[ 1815] 0, 186107, 494615
[ 1816] 0, 51910, 494614
[ 1817] 0, 186106, 494613
[ 1818] 0, 151910, 494612
[ 1819] 0, 186105, 494611
[ 1820] 0, 186025, 494428
[ 1821] 0, 11008, 494610
[ 1822] 0, 49921, 494609
[ 1823] 0, 186104, 494608
[ 1824] 0, 186103, 494607
[ 1825] 0, 186102, 494606
[ 1826] 0, 186101, 494605
[ 1827] 0, 185995, 494345
[ 1828] 0, 3207, 493788
[ 1829] 0, 186099, 494603
[ 1830] 0, 186098, 494602
[ 1831] 0, 120437, 494599
[ 1832] 0, 186095, 494598
[ 1833] 0, 185998, 494358
[ 1834] 0, 186094, 494597
[ 1835] 0, 186093, 494596
[ 1836] 0, 115666, 494595
[ 1837] 0, 186092, 494594
[ 1838] 0, 3200, 493779
[ 1839] 0, 116509, 494593
[ 1840] 0, 186091, 494592
[ 1841] 0, 250, 494591
[ 1842] 0, 106713, 494590
[ 1843] 0, 186090, 494589
[ 1844] 0, 186088, 494587
[ 1845] 0, 186087, 494586
[ 1846] 0, 106697, 494585
[ 1847] 0, 117767, 494584
[ 1848] 0, 186086, 494583
[ 1849] 0, 104724, 494582
[ 1850] 0, 186069, 494553
[ 1851] 0, 106696, 494581
[ 1852] 0, 186085, 494580
[ 1853] 0, 101679, 494579
[ 1854] 0, 186084, 494578
[ 1855] 0, 183737, 494577
[ 1856] 0, 186083, 494576
[ 1857] 0, 186048, 494504
[ 1858] 0, 186082, 494575
[ 1859] 0, 186080, 494572
[ 1860] 0, 109726, 494571
[ 1861] 0, 181096, 494570
[ 1862] 0, 115652, 494569
[ 1863] 0, 67930, 492388
[ 1864] 0, 186079, 494567
[ 1865] 0, 186038, 494481
[ 1866] 0, 186078, 494566
[ 1867] 0, 186077, 494565
[ 1868] 0, 186076, 494564
[ 1869] 0, 186075, 494563
[ 1870] 0, 186074, 494561
[ 1871] 0, 157151, 494560
[ 1872] 0, 186073, 494559
[ 1873] 0, 186072, 494558
[ 1874] 0, 186052, 494514
[ 1875] 0, 186071, 494557
[ 1876] 0, 984, 494556
[ 1877] 0, 186070, 494555
[ 1878] 0, 106049, 494554
[ 1879] 0, 107951, 494551
[ 1880] 0, 11096, 494550
[ 1881] 0, 69452, 494549
[ 1882] 0, 186068, 494548
[ 1883] 0, 45775, 494546
[ 1884] 0, 8527, 494457
[ 1885] 0, 115665, 493977
[ 1886] 0, 186067, 494544
[ 1887] 0, 106046, 494543
[ 1888] 0, 186066, 494542
[ 1889] 0, 5762, 494541
[ 1890] 0, 186065, 494540
[ 1891] 0, 184274, 494480
[ 1892] 0, 186064, 494539
[ 1893] 0, 186063, 494538
[ 1894] 0, 186062, 494537
[ 1895] 0, 5760, 494536
[ 1896] 0, 8652, 494535
[ 1897] 0, 186061, 494534
[ 1898] 0, 30992, 494533
[ 1899] 0, 106022, 494532
[ 1900] 0, 18446, 494531
[ 1901] 0, 66239, 494530
[ 1902] 0, 186060, 494529
[ 1903] 0, 116513, 494527
[ 1904] 0, 186058, 494526
[ 1905] 0, 5774, 494525
[ 1906] 0, 186057, 494524
[ 1907] 0, 186056, 494523
[ 1908] 0, 142182, 492908
[ 1909] 0, 55389, 494522
[ 1910] 0, 186055, 494521
[ 1911] 0, 5771, 494520
[ 1912] 0, 15439, 494519
[ 1913] 0, 142747, 494518
[ 1914] 0, 186054, 494517
[ 1915] 0, 186053, 494516
[ 1916] 0, 55387, 494515
[ 1917] 0, 145293, 494513
[ 1918] 0, 72672, 494512
[ 1919] 0, 142744, 494511
[ 1920] 0, 186051, 494510
[ 1921] 0, 186050, 494509
[ 1922] 0, 186049, 494508
[ 1923] 0, 142739, 494507
[ 1924] 0, 31670, 494456
[ 1925] 0, 31669, 494506
[ 1926] 0, 155688, 494505
[ 1927] 0, 55379, 494503
[ 1928] 0, 186047, 494502
[ 1929] 0, 142737, 494501
[ 1930] 0, 186046, 494500
[ 1931] 0, 186045, 494499
[ 1932] 0, 102188, 494498
[ 1933] 0, 142736, 494497
[ 1934] 0, 4450, 494453
[ 1935] 0, 5748, 494496
[ 1936] 0, 3832, 494495
[ 1937] 0, 55377, 494494
[ 1938] 0, 186044, 494493
[ 1939] 0, 102180, 494492
[ 1940] 0, 186043, 494491
[ 1941] 0, 39710, 494490
[ 1942] 0, 18195, 494489
[ 1943] 0, 186042, 494488
[ 1944] 0, 59691, 494487
[ 1945] 0, 186041, 494486
[ 1946] 0, 186040, 494485
[ 1947] 0, 102176, 494484
[ 1948] 0, 30248, 494483
[ 1949] 0, 186039, 494482
[ 1950] 0, 76627, 494479
[ 1951] 0, 142562, 494066
[ 1952] 0, 186036, 494476
[ 1953] 0, 37291, 494475
[ 1954] 0, 142731, 494474
[ 1955] 0, 152836, 494473
[ 1956] 0, 186035, 494472
[ 1957] 0, 30241, 494471
[ 1958] 0, 185110, 494470
[ 1959] 0, 5741, 494469
[ 1960] 0, 142729, 494468
[ 1961] 0, 102172, 494467
[ 1962] 0, 186034, 494466
[ 1963] 0, 92080, 494465
[ 1964] 0, 186033, 494464
[ 1965] 0, 185108, 494463
[ 1966] 0, 30235, 494462
[ 1967] 0, 142724, 494461
[ 1968] 0, 185107, 494460
[ 1969] 0, 185999, 494361
[ 1970] 0, 186032, 494459
[ 1971] 0, 186031, 494458
[ 1972] 0, 23615, 494455
[ 1973] 0, 185104, 494454
[ 1974] 0, 180325, 494353
[ 1975] 0, 18307, 494452
[ 1976] 0, 186030, 494451
[ 1977] 0, 142720, 494450
[ 1978] 0, 186029, 494449
[ 1979] 0, 185101, 494448
[ 1980] 0, 2332, 494447
[ 1981] 0, 5506, 494445
[ 1982] 0, 30222, 494444
[ 1983] 0, 159064, 494443
[ 1984] 0, 142719, 494442
[ 1985] 0, 185097, 494441
[ 1986] 0, 96652, 494440
[ 1987] 0, 18713, 494439
[ 1988] 0, 186013, 494390
[ 1989] 0, 17326, 494438
[ 1990] 0, 186028, 494437
[ 1991] 0, 185095, 494436
[ 1992] 0, 92085, 494435
[ 1993] 0, 186006, 494378
[ 1994] 0, 142713, 494434
[ 1995] 0, 30213, 494433
[ 1996] 0, 186027, 494432
[ 1997] 0, 186026, 494430
[ 1998] 0, 185093, 494429
[ 1999] 0, 180322, 494402
LRU
---------------------------------------------
