
[node 1]
ram_reads = 300122
ram_writes = 614023
ssd_reads = 0
ssd_writes = 0
hdd_reads = 0
hdd_writes = 0
cache_hits = 300122
cache_misses = 614023
cache_replacements = 613023

hit ratio = 32.83
cache status --------------------------------
MRU
[    0] 0, 186880, 614022
[    1] 0, 36443, 614021
[    2] 0, 10548, 614020
[    3] 0, 186879, 614019
[    4] 0, 186878, 614018
[    5] 0, 186877, 614017
[    6] 0, 99074, 614016
[    7] 0, 186876, 614015
[    8] 0, 186875, 614014
[    9] 0, 186874, 614013
[   10] 0, 186873, 614012
[   11] 0, 185493, 614011
[   12] 0, 186872, 614010
[   13] 0, 974, 614009
[   14] 0, 128733, 613623
[   15] 0, 128734, 613635
[   16] 0, 186871, 614008
[   17] 0, 5058, 614007
[   18] 0, 186199, 612172
[   19] 0, 186208, 612209
[   20] 0, 10560, 614006
[   21] 0, 67746, 614005
[   22] 0, 67733, 612834
[   23] 0, 3728, 614004
[   24] 0, 186870, 614003
[   25] 0, 201, 566334
[   26] 0, 200, 566324
[   27] 0, 186869, 614002
[   28] 0, 474, 612399
[   29] 0, 473, 612398
[   30] 0, 10556, 614001
[   31] 0, 472, 612391
[   32] 0, 471, 612390
[   33] 0, 186868, 614000
[   34] 0, 186867, 613999
[   35] 0, 8689, 613998
[   36] 0, 253, 612387
[   37] 0, 252, 612386
[   38] 0, 185457, 613997
[   39] 0, 186866, 613996
[   40] 0, 529, 613550
[   41] 0, 186865, 613995
[   42] 0, 526, 613549
[   43] 0, 86721, 613994
[   44] 0, 186864, 613993
[   45] 0, 186748, 613728
[   46] 0, 186739, 613704
[   47] 0, 186863, 613992
[   48] 0, 48748, 613991
[   49] 0, 186862, 613990
[   50] 0, 186806, 613867
[   51] 0, 186814, 613880
[   52] 0, 186861, 613989
[   53] 0, 4497, 613988
[   54] 0, 24003, 613987
[   55] 0, 186860, 613986
[   56] 0, 186849, 613953
[   57] 0, 42196, 613985
[   58] 0, 30788, 613984
[   59] 0, 166063, 613689
[   60] 0, 166074, 613657
[   61] 0, 74267, 610924
[   62] 0, 74266, 610923
[   63] 0, 121866, 613983
[   64] 0, 184858, 613706
[   65] 0, 74263, 610918
[   66] 0, 74262, 610917
[   67] 0, 67384, 613982
[   68] 0, 186859, 613981
[   69] 0, 186858, 613980
[   70] 0, 74260, 610906
[   71] 0, 74259, 610905
[   72] 0, 5207, 613931
[   73] 0, 34184, 613979
[   74] 0, 5162, 613978
[   75] 0, 34088, 613871
[   76] 0, 59277, 613977
[   77] 0, 59290, 613965
[   78] 0, 149550, 613976
[   79] 0, 59139, 613975
[   80] 0, 186857, 613974
[   81] 0, 15557, 613973
[   82] 0, 186856, 613972
[   83] 0, 9564, 613971
[   84] 0, 5062, 613970
[   85] 0, 186855, 613969
[   86] 0, 42623, 613968
[   87] 0, 81805, 613967
[   88] 0, 186854, 613966
[   89] 0, 51188, 609373
[   90] 0, 51187, 609372
[   91] 0, 182631, 613947
[   92] 0, 186819, 613888
[   93] 0, 186853, 613964
[   94] 0, 186852, 613963
[   95] 0, 51186, 609337
[   96] 0, 51185, 609336
[   97] 0, 186850, 613960
[   98] 0, 51163, 613962
[   99] 0, 51077, 602790
[  100] 0, 51076, 602789
[  101] 0, 1224, 613393
[  102] 0, 1398, 613001
[  103] 0, 1397, 613000
[  104] 0, 186851, 613961
[  105] 0, 66781, 613959
[  106] 0, 1395, 612997
[  107] 0, 1394, 612996
[  108] 0, 79800, 613958
[  109] 0, 125697, 613898
[  110] 0, 142422, 613957
[  111] 0, 123564, 613956
[  112] 0, 21579, 613955
[  113] 0, 53361, 613940
[  114] 0, 36862, 613954
[  115] 0, 186848, 613952
[  116] 0, 173, 612201
[  117] 0, 178120, 613944
[  118] 0, 184901, 613951
[  119] 0, 2520, 613950
[  120] 0, 2589, 613930
[  121] 0, 186847, 613949
[  122] 0, 184864, 613948
[  123] 0, 186846, 613946
[  124] 0, 169081, 613945
[  125] 0, 186845, 613943
[  126] 0, 186844, 613942
[  127] 0, 8378, 613941
[  128] 0, 8329, 613882
[  129] 0, 79804, 613939
[  130] 0, 186843, 613938
[  131] 0, 25917, 613937
[  132] 0, 59541, 613936
[  133] 0, 186842, 613935
[  134] 0, 102306, 613934
[  135] 0, 125943, 613933
[  136] 0, 186841, 613932
[  137] 0, 49030, 613755
[  138] 0, 74051, 613929
[  139] 0, 13563, 613928
[  140] 0, 127826, 613927
[  141] 0, 186840, 613926
[  142] 0, 12382, 613925
[  143] 0, 186839, 613924
[  144] 0, 1190, 613923
[  145] 0, 9028, 613881
[  146] 0, 8574, 613922
[  147] 0, 126270, 613921
[  148] 0, 186838, 613920
[  149] 0, 186837, 613919
[  150] 0, 31738, 613564
[  151] 0, 186836, 613918
[  152] 0, 186835, 613917
[  153] 0, 6000, 613417
[  154] 0, 186834, 613916
[  155] 0, 13858, 613915
[  156] 0, 127829, 613914
[  157] 0, 186833, 613913
[  158] 0, 7129, 613912
[  159] 0, 186832, 613911
[  160] 0, 186831, 613910
[  161] 0, 156850, 613909
[  162] 0, 186830, 613908
[  163] 0, 186829, 613907
[  164] 0, 157425, 613906
[  165] 0, 127824, 613905
[  166] 0, 124180, 613904
[  167] 0, 186828, 613903
[  168] 0, 1826, 613902
[  169] 0, 186827, 613901
[  170] 0, 108780, 613900
[  171] 0, 186826, 613899
[  172] 0, 50311, 613897
[  173] 0, 6747, 613896
[  174] 0, 186825, 613895
[  175] 0, 186824, 613894
[  176] 0, 186823, 613893
[  177] 0, 186822, 613892
[  178] 0, 186821, 613891
[  179] 0, 27057, 613890
[  180] 0, 186820, 613889
[  181] 0, 186818, 613887
[  182] 0, 186817, 613886
[  183] 0, 186816, 613885
[  184] 0, 186815, 613884
[  185] 0, 153970, 613883
[  186] 0, 186813, 613879
[  187] 0, 186812, 613878
[  188] 0, 186811, 613877
[  189] 0, 1266, 613494
[  190] 0, 3006, 613876
[  191] 0, 3031, 613792
[  192] 0, 186810, 613875
[  193] 0, 186809, 613874
[  194] 0, 178424, 613873
[  195] 0, 68354, 613872
[  196] 0, 5886, 613870
[  197] 0, 186808, 613869
[  198] 0, 186807, 613868
[  199] 0, 186805, 613866
[  200] 0, 186802, 613854
[  201] 0, 119930, 613865
[  202] 0, 5446, 613864
[  203] 0, 186772, 613782
[  204] 0, 186784, 613817
[  205] 0, 5444, 613863
[  206] 0, 79319, 612970
[  207] 0, 79318, 613096
[  208] 0, 186804, 613862
[  209] 0, 98, 610851
[  210] 0, 97, 610850
[  211] 0, 33374, 613845
[  212] 0, 91382, 613861
[  213] 0, 752, 613860
[  214] 0, 751, 613859
[  215] 0, 22085, 613858
[  216] 0, 186803, 613857
[  217] 0, 186768, 613778
[  218] 0, 152110, 613856
[  219] 0, 127, 613855
[  220] 0, 2892, 613633
[  221] 0, 2838, 613703
[  222] 0, 750, 613853
[  223] 0, 749, 613852
[  224] 0, 186801, 613851
[  225] 0, 186800, 613850
[  226] 0, 5376, 613849
[  227] 0, 3418, 613750
[  228] 0, 186799, 613848
[  229] 0, 175618, 613847
[  230] 0, 175602, 613841
[  231] 0, 186798, 613846
[  232] 0, 186797, 613844
[  233] 0, 186796, 613843
[  234] 0, 184948, 613789
[  235] 0, 184975, 613842
[  236] 0, 92816, 613791
[  237] 0, 92925, 613840
[  238] 0, 186795, 613839
[  239] 0, 186794, 613838
[  240] 0, 76454, 613837
[  241] 0, 186793, 613836
[  242] 0, 2387, 613835
[  243] 0, 2543, 613747
[  244] 0, 186792, 613834
[  245] 0, 186791, 613833
[  246] 0, 16460, 613832
[  247] 0, 186790, 613831
[  248] 0, 165091, 613805
[  249] 0, 165090, 613830
[  250] 0, 15743, 613829
[  251] 0, 186789, 613828
[  252] 0, 186788, 613827
[  253] 0, 186787, 613826
[  254] 0, 11111, 613825
[  255] 0, 728, 602626
[  256] 0, 727, 602625
[  257] 0, 16273, 613824
[  258] 0, 64180, 612963
[  259] 0, 186786, 613823
[  260] 0, 48393, 613822
[  261] 0, 48402, 613800
[  262] 0, 34915, 613821
[  263] 0, 186785, 613820
[  264] 0, 62, 613819
[  265] 0, 5571, 613818
[  266] 0, 58, 613101
[  267] 0, 186783, 613816
[  268] 0, 12017, 613815
[  269] 0, 12016, 613814
[  270] 0, 95369, 613813
[  271] 0, 8225, 613765
[  272] 0, 1667, 613812
[  273] 0, 1666, 613811
[  274] 0, 186782, 613810
[  275] 0, 43651, 613809
[  276] 0, 186781, 613808
[  277] 0, 183472, 613772
[  278] 0, 186780, 613807
[  279] 0, 186779, 613806
[  280] 0, 186770, 613780
[  281] 0, 186778, 613804
[  282] 0, 184217, 613803
[  283] 0, 186777, 613802
[  284] 0, 124879, 613801
[  285] 0, 186773, 613793
[  286] 0, 186776, 613799
[  287] 0, 186775, 613798
[  288] 0, 1656, 613797
[  289] 0, 1655, 613796
[  290] 0, 50, 613034
[  291] 0, 49, 613033
[  292] 0, 186774, 613795
[  293] 0, 4822, 613794
[  294] 0, 124878, 613790
[  295] 0, 218, 611093
[  296] 0, 217, 611092
[  297] 0, 379, 613788
[  298] 0, 378, 613787
[  299] 0, 153516, 613786
[  300] 0, 369, 613785
[  301] 0, 368, 613784
[  302] 0, 5540, 613783
[  303] 0, 186771, 613781
[  304] 0, 197, 607086
[  305] 0, 196, 607085
[  306] 0, 186769, 613779
[  307] 0, 186767, 613777
[  308] 0, 186759, 613763
[  309] 0, 186766, 613776
[  310] 0, 186765, 613775
[  311] 0, 186764, 613774
[  312] 0, 3389, 613773
[  313] 0, 4137, 613771
[  314] 0, 178, 607081
[  315] 0, 177, 607080
[  316] 0, 186763, 613770
[  317] 0, 36460, 613769
[  318] 0, 186762, 613768
[  319] 0, 186761, 613767
[  320] 0, 3499, 613766
[  321] 0, 186760, 613764
[  322] 0, 143309, 613762
[  323] 0, 60759, 613761
[  324] 0, 182466, 613760
[  325] 0, 9023, 613759
[  326] 0, 176234, 613758
[  327] 0, 186758, 613757
[  328] 0, 97783, 613631
[  329] 0, 97743, 613756
[  330] 0, 92155, 613754
[  331] 0, 49076, 613681
[  332] 0, 91574, 613629
[  333] 0, 186757, 613753
[  334] 0, 186756, 613752
[  335] 0, 169494, 613751
[  336] 0, 186755, 613749
[  337] 0, 186754, 613748
[  338] 0, 2102, 613746
[  339] 0, 28168, 613745
[  340] 0, 10886, 613744
[  341] 0, 8214, 613743
[  342] 0, 186753, 613742
[  343] 0, 186746, 613719
[  344] 0, 186752, 613741
[  345] 0, 48362, 613740
[  346] 0, 185910, 613727
[  347] 0, 120337, 613739
[  348] 0, 186751, 613738
[  349] 0, 3469, 613737
[  350] 0, 186735, 613695
[  351] 0, 186750, 613736
[  352] 0, 186704, 613590
[  353] 0, 186749, 613735
[  354] 0, 363, 613734
[  355] 0, 362, 613733
[  356] 0, 48358, 613732
[  357] 0, 348, 613731
[  358] 0, 347, 613730
[  359] 0, 1501, 613729
[  360] 0, 186742, 613709
[  361] 0, 263, 613726
[  362] 0, 262, 613725
[  363] 0, 3525, 613724
[  364] 0, 186745, 613718
[  365] 0, 181461, 613723
[  366] 0, 181473, 613698
[  367] 0, 186747, 613722
[  368] 0, 4774, 613721
[  369] 0, 120814, 613720
[  370] 0, 51674, 610301
[  371] 0, 51673, 610300
[  372] 0, 6081, 613609
[  373] 0, 6080, 613608
[  374] 0, 1430, 613717
[  375] 0, 186744, 613716
[  376] 0, 51477, 613715
[  377] 0, 6077, 613606
[  378] 0, 6076, 613605
[  379] 0, 3513, 613714
[  380] 0, 137795, 613702
[  381] 0, 6069, 613596
[  382] 0, 6068, 613595
[  383] 0, 156112, 613713
[  384] 0, 156113, 613696
[  385] 0, 186743, 613712
[  386] 0, 177576, 613711
[  387] 0, 120813, 613710
[  388] 0, 1427, 613708
[  389] 0, 186741, 613707
[  390] 0, 186740, 613705
[  391] 0, 186738, 613701
[  392] 0, 92131, 613700
[  393] 0, 186737, 613699
[  394] 0, 186736, 613697
[  395] 0, 35085, 613694
[  396] 0, 186729, 613665
[  397] 0, 99822, 613693
[  398] 0, 916, 613692
[  399] 0, 1571, 613691
[  400] 0, 186734, 613690
[  401] 0, 4753, 613688
[  402] 0, 89682, 613687
[  403] 0, 89681, 613632
[  404] 0, 80425, 613686
[  405] 0, 184379, 613658
[  406] 0, 1719, 613315
[  407] 0, 129112, 613685
[  408] 0, 88471, 613684
[  409] 0, 59897, 613683
[  410] 0, 5336, 613682
[  411] 0, 20471, 613680
[  412] 0, 339, 613679
[  413] 0, 338, 613678
[  414] 0, 88863, 613677
[  415] 0, 2812, 613676
[  416] 0, 335, 613675
[  417] 0, 334, 613674
[  418] 0, 109721, 613673
[  419] 0, 186733, 613672
[  420] 0, 186732, 613671
[  421] 0, 186731, 613670
[  422] 0, 4604, 613669
[  423] 0, 3431, 613668
[  424] 0, 59895, 613667
[  425] 0, 186730, 613666
[  426] 0, 186728, 613664
[  427] 0, 186727, 613663
[  428] 0, 186726, 613662
[  429] 0, 9301, 613661
[  430] 0, 54597, 613660
[  431] 0, 186725, 613659
[  432] 0, 51283, 613628
[  433] 0, 51308, 613656
[  434] 0, 186724, 613655
[  435] 0, 114961, 613654
[  436] 0, 186723, 613653
[  437] 0, 186722, 613652
[  438] 0, 5972, 613651
[  439] 0, 9784, 613650
[  440] 0, 114958, 613649
[  441] 0, 136567, 613648
[  442] 0, 183382, 613647
[  443] 0, 120811, 613646
[  444] 0, 186721, 613645
[  445] 0, 147484, 613644
[  446] 0, 185291, 613575
[  447] 0, 185299, 613592
[  448] 0, 186720, 613643
[  449] 0, 186719, 613642
[  450] 0, 115668, 613641
[  451] 0, 186718, 613640
[  452] 0, 186717, 613639
[  453] 0, 186716, 613638
[  454] 0, 120809, 613637
[  455] 0, 219, 613636
[  456] 0, 1135, 612211
[  457] 0, 1134, 612210
[  458] 0, 186715, 613634
[  459] 0, 186700, 613584
[  460] 0, 85272, 613025
[  461] 0, 186702, 613588
[  462] 0, 144314, 613630
[  463] 0, 186707, 613601
[  464] 0, 5636, 613627
[  465] 0, 31771, 613626
[  466] 0, 31795, 613600
[  467] 0, 85236, 612938
[  468] 0, 50666, 613625
[  469] 0, 119808, 613624
[  470] 0, 186622, 613402
[  471] 0, 8405, 613622
[  472] 0, 186714, 613621
[  473] 0, 89869, 613611
[  474] 0, 186713, 613620
[  475] 0, 2823, 613487
[  476] 0, 2787, 613619
[  477] 0, 186712, 613618
[  478] 0, 1406, 613012
[  479] 0, 1405, 613011
[  480] 0, 50789, 613617
[  481] 0, 138325, 611801
[  482] 0, 186711, 613616
[  483] 0, 186710, 613615
[  484] 0, 186709, 613614
[  485] 0, 13139, 613613
[  486] 0, 21423, 613612
[  487] 0, 98933, 613610
[  488] 0, 1403, 613010
[  489] 0, 1402, 613009
[  490] 0, 2636, 613607
[  491] 0, 13915, 613583
[  492] 0, 186708, 613604
[  493] 0, 21418, 613603
[  494] 0, 120468, 613602
[  495] 0, 65307, 613599
[  496] 0, 65316, 613566
[  497] 0, 40156, 613598
[  498] 0, 78170, 613597
[  499] 0, 65838, 613558
[  500] 0, 186706, 613594
[  501] 0, 47311, 613593
[  502] 0, 186705, 613591
[  503] 0, 186703, 613589
[  504] 0, 127383, 613587
[  505] 0, 186701, 613586
[  506] 0, 47170, 613585
[  507] 0, 186699, 613582
[  508] 0, 186698, 613581
[  509] 0, 49453, 613580
[  510] 0, 186697, 613579
[  511] 0, 20426, 613578
[  512] 0, 186696, 613577
[  513] 0, 186682, 613527
[  514] 0, 31748, 613576
[  515] 0, 186695, 613574
[  516] 0, 50768, 613573
[  517] 0, 186694, 613572
[  518] 0, 186693, 613571
[  519] 0, 15799, 613570
[  520] 0, 186692, 613569
[  521] 0, 186675, 613514
[  522] 0, 466, 613568
[  523] 0, 186691, 613567
[  524] 0, 186690, 613565
[  525] 0, 186672, 613508
[  526] 0, 186689, 613563
[  527] 0, 186688, 613562
[  528] 0, 16943, 613537
[  529] 0, 16960, 613561
[  530] 0, 112027, 613560
[  531] 0, 461, 613559
[  532] 0, 29162, 613535
[  533] 0, 29103, 613557
[  534] 0, 185939, 613556
[  535] 0, 186687, 613555
[  536] 0, 71457, 613543
[  537] 0, 31731, 613554
[  538] 0, 186097, 612880
[  539] 0, 186096, 612879
[  540] 0, 5676, 613553
[  541] 0, 186686, 613552
[  542] 0, 55494, 613551
[  543] 0, 532, 613128
[  544] 0, 186685, 613548
[  545] 0, 182960, 613547
[  546] 0, 169, 613546
[  547] 0, 168, 613545
[  548] 0, 31723, 613544
[  549] 0, 4166, 613542
[  550] 0, 4720, 613462
[  551] 0, 48111, 613541
[  552] 0, 31712, 613540
[  553] 0, 48123, 613539
[  554] 0, 175863, 613538
[  555] 0, 73586, 613536
[  556] 0, 31710, 613534
[  557] 0, 152, 613533
[  558] 0, 151, 613532
[  559] 0, 175861, 613531
[  560] 0, 148, 601590
[  561] 0, 147, 601589
[  562] 0, 186684, 613530
[  563] 0, 20478, 613529
[  564] 0, 186683, 613528
[  565] 0, 20473, 613526
[  566] 0, 186681, 613525
[  567] 0, 186666, 613488
[  568] 0, 186680, 613524
[  569] 0, 123690, 613523
[  570] 0, 186679, 613522
[  571] 0, 186678, 613521
[  572] 0, 186620, 613400
[  573] 0, 3871, 613520
[  574] 0, 10584, 613519
[  575] 0, 186072, 613498
[  576] 0, 13793, 613518
[  577] 0, 186677, 613517
[  578] 0, 186676, 613516
[  579] 0, 26401, 613515
[  580] 0, 179533, 613474
[  581] 0, 29120, 613513
[  582] 0, 186674, 613512
[  583] 0, 186673, 613511
[  584] 0, 8, 613510
[  585] 0, 2465, 612518
[  586] 0, 2464, 612517
[  587] 0, 182929, 613509
[  588] 0, 186655, 613463
[  589] 0, 1133, 611911
[  590] 0, 1132, 611910
[  591] 0, 86040, 613507
[  592] 0, 143420, 613506
[  593] 0, 186671, 613505
[  594] 0, 126949, 612623
[  595] 0, 126942, 613504
[  596] 0, 13786, 613503
[  597] 0, 9104, 613502
[  598] 0, 182910, 613501
[  599] 0, 186670, 613500
[  600] 0, 186646, 613450
[  601] 0, 6079, 613499
[  602] 0, 186669, 613497
[  603] 0, 6064, 613496
[  604] 0, 1126, 611901
[  605] 0, 1125, 611900
[  606] 0, 16879, 613495
[  607] 0, 184891, 613493
[  608] 0, 146764, 613492
[  609] 0, 186650, 613454
[  610] 0, 186668, 613491
[  611] 0, 186667, 613490
[  612] 0, 184243, 613489
[  613] 0, 154545, 613486
[  614] 0, 186665, 613485
[  615] 0, 16873, 613484
[  616] 0, 186664, 613483
[  617] 0, 182531, 613482
[  618] 0, 21653, 613481
[  619] 0, 50306, 613480
[  620] 0, 186663, 613479
[  621] 0, 186662, 613478
[  622] 0, 88699, 613468
[  623] 0, 16865, 613477
[  624] 0, 186661, 613476
[  625] 0, 182528, 613475
[  626] 0, 8195, 613397
[  627] 0, 5772, 613473
[  628] 0, 52347, 613472
[  629] 0, 52346, 613471
[  630] 0, 186660, 613470
[  631] 0, 186659, 613469
[  632] 0, 186658, 613467
[  633] 0, 186657, 613466
[  634] 0, 186624, 613404
[  635] 0, 127071, 613445
[  636] 0, 19421, 613465
[  637] 0, 186656, 613464
[  638] 0, 186654, 613461
[  639] 0, 185730, 613419
[  640] 0, 25193, 613423
[  641] 0, 44635, 613460
[  642] 0, 186653, 613459
[  643] 0, 186652, 613458
[  644] 0, 181916, 613457
[  645] 0, 186651, 613456
[  646] 0, 40672, 613455
[  647] 0, 186634, 613432
[  648] 0, 186649, 613453
[  649] 0, 186648, 613452
[  650] 0, 186647, 613451
[  651] 0, 186645, 613449
[  652] 0, 186644, 613448
[  653] 0, 53949, 613447
[  654] 0, 186643, 613446
[  655] 0, 186629, 613414
[  656] 0, 186642, 613444
[  657] 0, 186618, 613394
[  658] 0, 186641, 613443
[  659] 0, 3906, 613442
[  660] 0, 119909, 613441
[  661] 0, 186640, 613440
[  662] 0, 186639, 613439
[  663] 0, 186638, 613438
[  664] 0, 4789, 613437
[  665] 0, 186637, 613436
[  666] 0, 186636, 613435
[  667] 0, 111036, 613434
[  668] 0, 186635, 613433
[  669] 0, 186633, 613431
[  670] 0, 88695, 613422
[  671] 0, 186632, 613430
[  672] 0, 4785, 613429
[  673] 0, 4212, 613428
[  674] 0, 1262, 611972
[  675] 0, 1261, 611971
[  676] 0, 140859, 613427
[  677] 0, 4782, 613426
[  678] 0, 122001, 613425
[  679] 0, 186631, 613424
[  680] 0, 156396, 613421
[  681] 0, 182, 610869
[  682] 0, 181, 610868
[  683] 0, 4210, 613420
[  684] 0, 119929, 613418
[  685] 0, 186630, 613416
[  686] 0, 4780, 613415
[  687] 0, 186628, 613413
[  688] 0, 186627, 613412
[  689] 0, 4777, 613411
[  690] 0, 146740, 613410
[  691] 0, 1645, 613409
[  692] 0, 186626, 613408
[  693] 0, 119927, 613407
[  694] 0, 186625, 613406
[  695] 0, 119, 610861
[  696] 0, 118, 610860
[  697] 0, 146739, 613405
[  698] 0, 186623, 613403
[  699] 0, 186621, 613401
[  700] 0, 79972, 613399
[  701] 0, 173127, 613398
[  702] 0, 186619, 613396
[  703] 0, 34936, 613359
[  704] 0, 35028, 613395
[  705] 0, 186617, 613392
[  706] 0, 34263, 613391
[  707] 0, 142482, 613360
[  708] 0, 142539, 613390
[  709] 0, 186616, 613389
[  710] 0, 186615, 613388
[  711] 0, 186614, 613387
[  712] 0, 35081, 613386
[  713] 0, 186613, 613385
[  714] 0, 186612, 613384
[  715] 0, 53073, 613383
[  716] 0, 186611, 613382
[  717] 0, 53070, 613381
[  718] 0, 186610, 613380
[  719] 0, 16051, 613379
[  720] 0, 186609, 613378
[  721] 0, 186608, 613377
[  722] 0, 186607, 613376
[  723] 0, 2743, 613375
[  724] 0, 16730, 613374
[  725] 0, 53067, 613373
[  726] 0, 20577, 613286
[  727] 0, 20512, 613372
[  728] 0, 186606, 613371
[  729] 0, 186605, 613370
[  730] 0, 177875, 613369
[  731] 0, 17376, 613368
[  732] 0, 186604, 613367
[  733] 0, 186603, 613366
[  734] 0, 159172, 613296
[  735] 0, 186602, 613365
[  736] 0, 44349, 613364
[  737] 0, 186601, 613363
[  738] 0, 186600, 613362
[  739] 0, 112511, 613292
[  740] 0, 112527, 613361
[  741] 0, 133778, 613358
[  742] 0, 5797, 613357
[  743] 0, 186599, 613356
[  744] 0, 117113, 613259
[  745] 0, 117001, 613355
[  746] 0, 186598, 613354
[  747] 0, 519, 612742
[  748] 0, 59728, 613353
[  749] 0, 186597, 613352
[  750] 0, 167191, 613351
[  751] 0, 186596, 613350
[  752] 0, 105108, 613254
[  753] 0, 186595, 613349
[  754] 0, 14485, 613257
[  755] 0, 186594, 613348
[  756] 0, 166694, 613347
[  757] 0, 186593, 613346
[  758] 0, 186545, 613236
[  759] 0, 186592, 613345
[  760] 0, 166283, 613344
[  761] 0, 4557, 613343
[  762] 0, 14482, 613252
[  763] 0, 186591, 613342
[  764] 0, 3536, 613341
[  765] 0, 4546, 613340
[  766] 0, 162849, 613339
[  767] 0, 186590, 613338
[  768] 0, 186589, 613337
[  769] 0, 380, 613285
[  770] 0, 38351, 613336
[  771] 0, 418, 613335
[  772] 0, 36445, 613283
[  773] 0, 14478, 613249
[  774] 0, 161419, 613334
[  775] 0, 72114, 613333
[  776] 0, 18589, 613332
[  777] 0, 111595, 613331
[  778] 0, 161147, 613330
[  779] 0, 4423, 613329
[  780] 0, 186588, 613328
[  781] 0, 186587, 613327
[  782] 0, 186379, 612845
[  783] 0, 12699, 613326
[  784] 0, 160767, 613325
[  785] 0, 186586, 613324
[  786] 0, 186585, 613323
[  787] 0, 186528, 613214
[  788] 0, 186584, 613322
[  789] 0, 9675, 613219
[  790] 0, 6655, 613321
[  791] 0, 3409, 613320
[  792] 0, 160527, 613319
[  793] 0, 83125, 613298
[  794] 0, 186583, 613318
[  795] 0, 175, 613317
[  796] 0, 3406, 613316
[  797] 0, 186582, 613314
[  798] 0, 186519, 613195
[  799] 0, 4995, 613313
[  800] 0, 5030, 613284
[  801] 0, 185625, 613312
[  802] 0, 186581, 613311
[  803] 0, 9671, 613212
[  804] 0, 3386, 613310
[  805] 0, 159957, 613309
[  806] 0, 399, 613308
[  807] 0, 185102, 613307
[  808] 0, 186580, 613306
[  809] 0, 159498, 613305
[  810] 0, 177672, 613304
[  811] 0, 183286, 613303
[  812] 0, 186524, 613203
[  813] 0, 186579, 613302
[  814] 0, 156909, 613301
[  815] 0, 186578, 613300
[  816] 0, 3874, 613209
[  817] 0, 186445, 612989
[  818] 0, 183283, 613299
[  819] 0, 186577, 613297
[  820] 0, 186576, 613295
[  821] 0, 117177, 613294
[  822] 0, 117049, 613156
[  823] 0, 109822, 613293
[  824] 0, 185655, 613291
[  825] 0, 186575, 613290
[  826] 0, 186503, 613152
[  827] 0, 186574, 613289
[  828] 0, 186573, 613288
[  829] 0, 186572, 613287
[  830] 0, 21733, 613282
[  831] 0, 186571, 613281
[  832] 0, 186493, 613137
[  833] 0, 186570, 613280
[  834] 0, 186569, 613279
[  835] 0, 186568, 613278
[  836] 0, 186501, 613147
[  837] 0, 186567, 613277
[  838] 0, 186566, 613276
[  839] 0, 186565, 613275
[  840] 0, 186564, 613274
[  841] 0, 186563, 613273
[  842] 0, 186562, 613272
[  843] 0, 186561, 613271
[  844] 0, 186560, 613270
[  845] 0, 186559, 613269
[  846] 0, 127683, 613268
[  847] 0, 151752, 613267
[  848] 0, 186558, 613266
[  849] 0, 14497, 613265
[  850] 0, 14496, 613264
[  851] 0, 186557, 613263
[  852] 0, 186556, 613262
[  853] 0, 6287, 613261
[  854] 0, 186555, 613260
[  855] 0, 14486, 613258
[  856] 0, 186554, 613256
[  857] 0, 186553, 613255
[  858] 0, 186552, 613253
[  859] 0, 14481, 613251
[  860] 0, 182729, 612472
[  861] 0, 14479, 613250
[  862] 0, 186551, 613248
[  863] 0, 186550, 613247
[  864] 0, 186549, 613246
[  865] 0, 186548, 613245
[  866] 0, 6292, 613244
[  867] 0, 175272, 613243
[  868] 0, 3862, 613242
[  869] 0, 115379, 613241
[  870] 0, 186547, 613240
[  871] 0, 6274, 613239
[  872] 0, 49053, 613238
[  873] 0, 186546, 613237
[  874] 0, 186544, 613235
[  875] 0, 108326, 613234
[  876] 0, 186543, 613233
[  877] 0, 186542, 613232
[  878] 0, 87306, 613231
[  879] 0, 72739, 612876
[  880] 0, 186541, 613230
[  881] 0, 186540, 613229
[  882] 0, 186539, 613228
[  883] 0, 186538, 613227
[  884] 0, 186537, 613226
[  885] 0, 186536, 613225
[  886] 0, 186535, 613224
[  887] 0, 116984, 613223
[  888] 0, 186534, 613222
[  889] 0, 186533, 613221
[  890] 0, 186532, 613220
[  891] 0, 9674, 613218
[  892] 0, 186531, 613217
[  893] 0, 186530, 613216
[  894] 0, 186513, 613180
[  895] 0, 186529, 613215
[  896] 0, 186498, 613143
[  897] 0, 9672, 613213
[  898] 0, 186527, 613211
[  899] 0, 25771, 613210
[  900] 0, 3873, 613208
[  901] 0, 186526, 613207
[  902] 0, 6897, 613206
[  903] 0, 6842, 613172
[  904] 0, 15816, 613205
[  905] 0, 186525, 613204
[  906] 0, 51364, 613179
[  907] 0, 124964, 613202
[  908] 0, 971, 613201
[  909] 0, 186523, 613200
[  910] 0, 179446, 613199
[  911] 0, 186522, 613198
[  912] 0, 186521, 613197
[  913] 0, 184889, 613158
[  914] 0, 186520, 613196
[  915] 0, 87360, 613194
[  916] 0, 70, 613193
[  917] 0, 69, 613192
[  918] 0, 186518, 613191
[  919] 0, 49057, 613171
[  920] 0, 141916, 613190
[  921] 0, 186517, 613189
[  922] 0, 11605, 613188
[  923] 0, 186516, 613187
[  924] 0, 86401, 613186
[  925] 0, 186515, 613185
[  926] 0, 661, 613184
[  927] 0, 4939, 613183
[  928] 0, 183098, 613176
[  929] 0, 9456, 613182
[  930] 0, 186514, 613181
[  931] 0, 164708, 613150
[  932] 0, 164717, 613178
[  933] 0, 186512, 613177
[  934] 0, 1685, 613175
[  935] 0, 186511, 613174
[  936] 0, 186510, 613173
[  937] 0, 186509, 613170
[  938] 0, 1183, 613169
[  939] 0, 177500, 613168
[  940] 0, 144843, 613167
[  941] 0, 177493, 613166
[  942] 0, 116942, 613165
[  943] 0, 183092, 613164
[  944] 0, 186508, 613163
[  945] 0, 66217, 613162
[  946] 0, 186507, 613161
[  947] 0, 170140, 613160
[  948] 0, 186506, 613159
[  949] 0, 68551, 612458
[  950] 0, 68550, 612539
[  951] 0, 186505, 613157
[  952] 0, 170138, 613155
[  953] 0, 186504, 613154
[  954] 0, 66214, 613153
[  955] 0, 186502, 613151
[  956] 0, 113681, 613149
[  957] 0, 98469, 613148
[  958] 0, 186500, 613146
[  959] 0, 186499, 613145
[  960] 0, 2475, 613144
[  961] 0, 59859, 613046
[  962] 0, 182542, 612490
[  963] 0, 186497, 613142
[  964] 0, 186496, 613141
[  965] 0, 85211, 613140
[  966] 0, 186495, 613139
[  967] 0, 186494, 613138
[  968] 0, 186492, 613136
[  969] 0, 155304, 613135
[  970] 0, 181867, 613134
[  971] 0, 186491, 613133
[  972] 0, 186452, 613019
[  973] 0, 180997, 613132
[  974] 0, 116989, 613131
[  975] 0, 186490, 613130
[  976] 0, 186489, 613129
[  977] 0, 186488, 613127
[  978] 0, 116928, 613126
[  979] 0, 179417, 613125
[  980] 0, 133275, 613124
[  981] 0, 186487, 613123
[  982] 0, 4256, 613122
[  983] 0, 148282, 613121
[  984] 0, 148254, 613066
[  985] 0, 186460, 613060
[  986] 0, 57344, 613032
[  987] 0, 77782, 613120
[  988] 0, 180533, 613119
[  989] 0, 186486, 613118
[  990] 0, 34141, 613117
[  991] 0, 186467, 613077
[  992] 0, 186485, 613116
[  993] 0, 186484, 613115
[  994] 0, 128804, 613114
[  995] 0, 15684, 613113
[  996] 0, 4875, 613112
[  997] 0, 4936, 612995
[  998] 0, 132053, 613111
[  999] 0, 977, 613110
LRU
---------------------------------------------

[node 0]
ram_reads = 80928
ram_writes = 533095
ssd_reads = 0
ssd_writes = 0
hdd_reads = 533095
hdd_writes = 0
cache_hits = 80928
cache_misses = 533095
cache_replacements = 531095

hit ratio = 13.18
cache status --------------------------------
MRU
[    0] 0, 186880, 533094
[    1] 0, 36443, 533093
[    2] 0, 10548, 533092
[    3] 0, 186879, 533091
[    4] 0, 186878, 533090
[    5] 0, 186877, 533089
[    6] 0, 99074, 533088
[    7] 0, 186876, 533087
[    8] 0, 186875, 533086
[    9] 0, 186874, 533085
[   10] 0, 186873, 533084
[   11] 0, 185493, 533083
[   12] 0, 186872, 533082
[   13] 0, 974, 533081
[   14] 0, 186871, 533080
[   15] 0, 5058, 533079
[   16] 0, 10560, 533078
[   17] 0, 67746, 529110
[   18] 0, 3728, 533077
[   19] 0, 186870, 533076
[   20] 0, 186869, 533075
[   21] 0, 10556, 533074
[   22] 0, 186868, 533073
[   23] 0, 186867, 533072
[   24] 0, 8689, 533071
[   25] 0, 185457, 533070
[   26] 0, 186866, 533069
[   27] 0, 186865, 533068
[   28] 0, 86721, 533067
[   29] 0, 186864, 533066
[   30] 0, 186863, 533065
[   31] 0, 48748, 533064
[   32] 0, 186862, 533063
[   33] 0, 186861, 533062
[   34] 0, 4497, 533061
[   35] 0, 24003, 533060
[   36] 0, 186860, 533059
[   37] 0, 42196, 533058
[   38] 0, 30788, 533057
[   39] 0, 121866, 533056
[   40] 0, 67384, 533055
[   41] 0, 186859, 533054
[   42] 0, 186858, 533053
[   43] 0, 34184, 533052
[   44] 0, 5162, 533051
[   45] 0, 59277, 533050
[   46] 0, 149550, 533049
[   47] 0, 59139, 533048
[   48] 0, 186857, 533047
[   49] 0, 15557, 533046
[   50] 0, 186856, 533045
[   51] 0, 9564, 533044
[   52] 0, 5062, 533043
[   53] 0, 186855, 533042
[   54] 0, 42623, 533041
[   55] 0, 81805, 533040
[   56] 0, 186854, 533039
[   57] 0, 59290, 533038
[   58] 0, 186853, 533037
[   59] 0, 186852, 533036
[   60] 0, 51163, 533035
[   61] 0, 186851, 533034
[   62] 0, 186850, 533033
[   63] 0, 66781, 533032
[   64] 0, 79800, 533031
[   65] 0, 142422, 533030
[   66] 0, 123564, 533029
[   67] 0, 21579, 533028
[   68] 0, 36862, 533027
[   69] 0, 186849, 533026
[   70] 0, 186848, 533025
[   71] 0, 184901, 533024
[   72] 0, 2520, 526382
[   73] 0, 186847, 533023
[   74] 0, 184864, 533022
[   75] 0, 182631, 530709
[   76] 0, 186846, 533021
[   77] 0, 169081, 533020
[   78] 0, 178120, 533019
[   79] 0, 186845, 533018
[   80] 0, 186844, 533017
[   81] 0, 8378, 533016
[   82] 0, 53361, 533015
[   83] 0, 79804, 533014
[   84] 0, 186843, 533013
[   85] 0, 25917, 533012
[   86] 0, 59541, 533011
[   87] 0, 186842, 533010
[   88] 0, 102306, 533009
[   89] 0, 125943, 533008
[   90] 0, 186841, 533007
[   91] 0, 5207, 533006
[   92] 0, 2589, 526341
[   93] 0, 74051, 533005
[   94] 0, 13563, 533004
[   95] 0, 127826, 533003
[   96] 0, 186840, 533002
[   97] 0, 12382, 533001
[   98] 0, 186839, 533000
[   99] 0, 1190, 532999
[  100] 0, 8574, 530361
[  101] 0, 126270, 532998
[  102] 0, 186838, 532997
[  103] 0, 186837, 532996
[  104] 0, 186836, 532995
[  105] 0, 186835, 532994
[  106] 0, 186834, 532993
[  107] 0, 13858, 532992
[  108] 0, 127829, 532991
[  109] 0, 186833, 532990
[  110] 0, 7129, 532989
[  111] 0, 186832, 532988
[  112] 0, 186831, 532987
[  113] 0, 156850, 532986
[  114] 0, 186830, 532985
[  115] 0, 186829, 532984
[  116] 0, 157425, 532983
[  117] 0, 127824, 532982
[  118] 0, 124180, 532981
[  119] 0, 186828, 532980
[  120] 0, 1826, 531123
[  121] 0, 186827, 532979
[  122] 0, 108780, 532978
[  123] 0, 186826, 532977
[  124] 0, 125697, 532976
[  125] 0, 50311, 532975
[  126] 0, 6747, 532974
[  127] 0, 186825, 532973
[  128] 0, 186824, 532972
[  129] 0, 186823, 532971
[  130] 0, 186822, 532970
[  131] 0, 186821, 532969
[  132] 0, 27057, 532968
[  133] 0, 186820, 532967
[  134] 0, 186819, 532966
[  135] 0, 186818, 532965
[  136] 0, 186817, 532964
[  137] 0, 186816, 532963
[  138] 0, 186815, 532962
[  139] 0, 153970, 532124
[  140] 0, 8329, 532961
[  141] 0, 9028, 530309
[  142] 0, 186814, 532960
[  143] 0, 186813, 532959
[  144] 0, 186812, 532958
[  145] 0, 186811, 532957
[  146] 0, 3006, 532956
[  147] 0, 186810, 532955
[  148] 0, 186809, 532954
[  149] 0, 178424, 532953
[  150] 0, 68354, 532952
[  151] 0, 34088, 532951
[  152] 0, 5886, 532950
[  153] 0, 186808, 532949
[  154] 0, 186807, 532948
[  155] 0, 186806, 532947
[  156] 0, 186805, 532946
[  157] 0, 119930, 531899
[  158] 0, 5446, 532945
[  159] 0, 5444, 532944
[  160] 0, 186804, 532943
[  161] 0, 91382, 532942
[  162] 0, 752, 531149
[  163] 0, 751, 531148
[  164] 0, 22085, 532941
[  165] 0, 186803, 532940
[  166] 0, 152110, 532939
[  167] 0, 127, 532938
[  168] 0, 186802, 532937
[  169] 0, 750, 531142
[  170] 0, 749, 531141
[  171] 0, 186801, 532936
[  172] 0, 186800, 532935
[  173] 0, 5376, 532934
[  174] 0, 186799, 532933
[  175] 0, 175618, 532932
[  176] 0, 186798, 532931
[  177] 0, 33374, 532930
[  178] 0, 186797, 532929
[  179] 0, 186796, 532928
[  180] 0, 184975, 532927
[  181] 0, 175602, 532926
[  182] 0, 92925, 532925
[  183] 0, 186795, 532924
[  184] 0, 186794, 532923
[  185] 0, 76454, 532922
[  186] 0, 186793, 532921
[  187] 0, 2387, 532920
[  188] 0, 186792, 532919
[  189] 0, 186791, 532918
[  190] 0, 16460, 532917
[  191] 0, 186790, 532916
[  192] 0, 165090, 532915
[  193] 0, 15743, 532914
[  194] 0, 186789, 532913
[  195] 0, 186788, 532912
[  196] 0, 186787, 532911
[  197] 0, 11111, 532910
[  198] 0, 16273, 532909
[  199] 0, 186786, 532908
[  200] 0, 48393, 532907
[  201] 0, 34915, 532906
[  202] 0, 186785, 532905
[  203] 0, 62, 532904
[  204] 0, 5571, 532903
[  205] 0, 186784, 532902
[  206] 0, 186783, 532901
[  207] 0, 12017, 532900
[  208] 0, 12016, 532899
[  209] 0, 95369, 532898
[  210] 0, 1667, 532897
[  211] 0, 1666, 532896
[  212] 0, 186782, 532895
[  213] 0, 43651, 532894
[  214] 0, 186781, 532893
[  215] 0, 186780, 532892
[  216] 0, 186779, 532891
[  217] 0, 165091, 532890
[  218] 0, 186778, 532889
[  219] 0, 184217, 532888
[  220] 0, 186777, 532887
[  221] 0, 124879, 532886
[  222] 0, 48402, 532885
[  223] 0, 186776, 532884
[  224] 0, 186775, 532883
[  225] 0, 1656, 532882
[  226] 0, 1655, 532881
[  227] 0, 186774, 532880
[  228] 0, 4822, 532879
[  229] 0, 186773, 532878
[  230] 0, 3031, 532877
[  231] 0, 92816, 532876
[  232] 0, 124878, 532875
[  233] 0, 184948, 532874
[  234] 0, 379, 532873
[  235] 0, 378, 532872
[  236] 0, 153516, 532871
[  237] 0, 369, 532870
[  238] 0, 368, 532869
[  239] 0, 5540, 532868
[  240] 0, 186772, 532867
[  241] 0, 186771, 532866
[  242] 0, 186770, 532865
[  243] 0, 186769, 532864
[  244] 0, 186768, 532863
[  245] 0, 186767, 532862
[  246] 0, 186766, 532861
[  247] 0, 186765, 532860
[  248] 0, 186764, 532859
[  249] 0, 3389, 532858
[  250] 0, 183472, 532857
[  251] 0, 4137, 532856
[  252] 0, 186763, 532855
[  253] 0, 36460, 532854
[  254] 0, 186762, 532853
[  255] 0, 186761, 532852
[  256] 0, 3499, 532851
[  257] 0, 8225, 532850
[  258] 0, 186760, 532849
[  259] 0, 186759, 532848
[  260] 0, 143309, 532847
[  261] 0, 60759, 532846
[  262] 0, 182466, 531229
[  263] 0, 9023, 532845
[  264] 0, 176234, 532844
[  265] 0, 186758, 532843
[  266] 0, 97743, 532842
[  267] 0, 49030, 532841
[  268] 0, 92155, 532840
[  269] 0, 186757, 532839
[  270] 0, 186756, 532838
[  271] 0, 169494, 532837
[  272] 0, 3418, 532836
[  273] 0, 186755, 532835
[  274] 0, 186754, 532834
[  275] 0, 2543, 532833
[  276] 0, 2102, 531205
[  277] 0, 28168, 532832
[  278] 0, 10886, 532831
[  279] 0, 8214, 532830
[  280] 0, 186753, 532829
[  281] 0, 186752, 532828
[  282] 0, 48362, 532827
[  283] 0, 120337, 532826
[  284] 0, 186751, 532825
[  285] 0, 3469, 532824
[  286] 0, 186750, 532823
[  287] 0, 186749, 532822
[  288] 0, 363, 531508
[  289] 0, 362, 531507
[  290] 0, 48358, 532821
[  291] 0, 348, 531506
[  292] 0, 347, 531505
[  293] 0, 1501, 532820
[  294] 0, 186748, 532819
[  295] 0, 185910, 532818
[  296] 0, 263, 531496
[  297] 0, 262, 531495
[  298] 0, 3525, 532817
[  299] 0, 181461, 532816
[  300] 0, 186747, 532815
[  301] 0, 4774, 532814
[  302] 0, 120814, 531747
[  303] 0, 186746, 532813
[  304] 0, 186745, 532812
[  305] 0, 1430, 530985
[  306] 0, 186744, 532811
[  307] 0, 51477, 532810
[  308] 0, 3513, 532809
[  309] 0, 156112, 532808
[  310] 0, 186743, 532807
[  311] 0, 177576, 532806
[  312] 0, 120813, 531741
[  313] 0, 186742, 532805
[  314] 0, 1427, 530978
[  315] 0, 186741, 532804
[  316] 0, 184858, 532803
[  317] 0, 186740, 532802
[  318] 0, 186739, 532801
[  319] 0, 2838, 532800
[  320] 0, 137795, 531048
[  321] 0, 186738, 532799
[  322] 0, 92131, 532798
[  323] 0, 186737, 532797
[  324] 0, 181473, 532796
[  325] 0, 186736, 532795
[  326] 0, 156113, 532794
[  327] 0, 186735, 532793
[  328] 0, 35085, 532792
[  329] 0, 99822, 532791
[  330] 0, 916, 532790
[  331] 0, 1571, 531155
[  332] 0, 186734, 532789
[  333] 0, 166063, 532788
[  334] 0, 4753, 532787
[  335] 0, 89682, 530049
[  336] 0, 80425, 532786
[  337] 0, 129112, 532785
[  338] 0, 88471, 532784
[  339] 0, 59897, 532783
[  340] 0, 5336, 527723
[  341] 0, 49076, 532782
[  342] 0, 20471, 532781
[  343] 0, 339, 532780
[  344] 0, 338, 532779
[  345] 0, 88863, 532778
[  346] 0, 2812, 532777
[  347] 0, 335, 532776
[  348] 0, 334, 532775
[  349] 0, 109721, 532774
[  350] 0, 186733, 532773
[  351] 0, 186732, 532772
[  352] 0, 186731, 532771
[  353] 0, 4604, 530353
[  354] 0, 3431, 528615
[  355] 0, 59895, 532770
[  356] 0, 186730, 532769
[  357] 0, 186729, 532768
[  358] 0, 186728, 532767
[  359] 0, 186727, 532766
[  360] 0, 186726, 532765
[  361] 0, 9301, 532764
[  362] 0, 54597, 532763
[  363] 0, 186725, 532762
[  364] 0, 184379, 532761
[  365] 0, 166074, 532760
[  366] 0, 51308, 532759
[  367] 0, 186724, 532758
[  368] 0, 114961, 531138
[  369] 0, 186723, 532757
[  370] 0, 186722, 532756
[  371] 0, 5972, 532755
[  372] 0, 9784, 532754
[  373] 0, 114958, 531128
[  374] 0, 136567, 532753
[  375] 0, 183382, 532752
[  376] 0, 120811, 531733
[  377] 0, 186721, 532751
[  378] 0, 147484, 532750
[  379] 0, 186720, 532749
[  380] 0, 186719, 532748
[  381] 0, 115668, 532747
[  382] 0, 186718, 532746
[  383] 0, 186717, 532745
[  384] 0, 186716, 532744
[  385] 0, 120809, 531725
[  386] 0, 219, 532743
[  387] 0, 128734, 531385
[  388] 0, 186715, 532742
[  389] 0, 2892, 532741
[  390] 0, 89681, 529948
[  391] 0, 97783, 532740
[  392] 0, 144314, 532739
[  393] 0, 91574, 532738
[  394] 0, 51283, 532737
[  395] 0, 5636, 532736
[  396] 0, 31771, 532735
[  397] 0, 50666, 531703
[  398] 0, 119808, 532734
[  399] 0, 128733, 531400
[  400] 0, 8405, 532733
[  401] 0, 186714, 532732
[  402] 0, 186713, 532731
[  403] 0, 2787, 532730
[  404] 0, 186712, 532729
[  405] 0, 50789, 532728
[  406] 0, 186711, 532727
[  407] 0, 186710, 532726
[  408] 0, 186709, 532725
[  409] 0, 13139, 532724
[  410] 0, 21423, 532723
[  411] 0, 89869, 532722
[  412] 0, 98933, 532721
[  413] 0, 6081, 531498
[  414] 0, 6080, 531497
[  415] 0, 2636, 532720
[  416] 0, 6077, 531494
[  417] 0, 6076, 531493
[  418] 0, 186708, 532719
[  419] 0, 21418, 532718
[  420] 0, 120468, 532717
[  421] 0, 186707, 532716
[  422] 0, 31795, 532715
[  423] 0, 65307, 532714
[  424] 0, 40156, 532713
[  425] 0, 78170, 531757
[  426] 0, 6069, 531489
[  427] 0, 6068, 531488
[  428] 0, 186706, 532712
[  429] 0, 47311, 532711
[  430] 0, 185299, 532710
[  431] 0, 186705, 532709
[  432] 0, 186704, 532708
[  433] 0, 186703, 532707
[  434] 0, 186702, 532706
[  435] 0, 127383, 532705
[  436] 0, 186701, 532704
[  437] 0, 47170, 532703
[  438] 0, 186700, 532702
[  439] 0, 13915, 531763
[  440] 0, 186699, 532701
[  441] 0, 186698, 532700
[  442] 0, 49453, 532699
[  443] 0, 186697, 532698
[  444] 0, 20426, 532697
[  445] 0, 186696, 532696
[  446] 0, 31748, 532695
[  447] 0, 185291, 532694
[  448] 0, 186695, 532693
[  449] 0, 50768, 532692
[  450] 0, 186694, 532691
[  451] 0, 186693, 532690
[  452] 0, 15799, 532689
[  453] 0, 186692, 532688
[  454] 0, 466, 532687
[  455] 0, 186691, 532686
[  456] 0, 65316, 532685
[  457] 0, 186690, 532684
[  458] 0, 31738, 532683
[  459] 0, 186689, 532682
[  460] 0, 186688, 532681
[  461] 0, 16960, 532680
[  462] 0, 112027, 532679
[  463] 0, 461, 532678
[  464] 0, 65838, 531785
[  465] 0, 29103, 532677
[  466] 0, 185939, 532676
[  467] 0, 186687, 532675
[  468] 0, 31731, 532674
[  469] 0, 5676, 531002
[  470] 0, 186686, 532673
[  471] 0, 55494, 532672
[  472] 0, 529, 531584
[  473] 0, 526, 531582
[  474] 0, 186685, 532671
[  475] 0, 182960, 532670
[  476] 0, 169, 532669
[  477] 0, 168, 532668
[  478] 0, 31723, 532667
[  479] 0, 71457, 532666
[  480] 0, 4166, 531105
[  481] 0, 48111, 532665
[  482] 0, 31712, 532664
[  483] 0, 48123, 532663
[  484] 0, 175863, 532662
[  485] 0, 16943, 532661
[  486] 0, 73586, 532660
[  487] 0, 29162, 532659
[  488] 0, 31710, 532658
[  489] 0, 152, 532657
[  490] 0, 151, 532656
[  491] 0, 175861, 532655
[  492] 0, 186684, 532654
[  493] 0, 20478, 531559
[  494] 0, 186683, 532653
[  495] 0, 186682, 532652
[  496] 0, 20473, 531553
[  497] 0, 186681, 532651
[  498] 0, 186680, 532650
[  499] 0, 123690, 532649
[  500] 0, 186679, 532648
[  501] 0, 186678, 532647
[  502] 0, 3871, 532646
[  503] 0, 10584, 532645
[  504] 0, 13793, 532644
[  505] 0, 186677, 532643
[  506] 0, 186676, 532642
[  507] 0, 26401, 532641
[  508] 0, 186675, 532640
[  509] 0, 29120, 532639
[  510] 0, 186674, 532638
[  511] 0, 186673, 532637
[  512] 0, 8, 531046
[  513] 0, 182929, 532636
[  514] 0, 186672, 532635
[  515] 0, 86040, 532634
[  516] 0, 143420, 532633
[  517] 0, 186671, 532632
[  518] 0, 126942, 529430
[  519] 0, 13786, 532631
[  520] 0, 9104, 530833
[  521] 0, 182910, 532630
[  522] 0, 186670, 532629
[  523] 0, 6079, 530849
[  524] 0, 186072, 531134
[  525] 0, 186669, 532628
[  526] 0, 6064, 531820
[  527] 0, 16879, 532627
[  528] 0, 1266, 532626
[  529] 0, 184891, 527639
[  530] 0, 146764, 532625
[  531] 0, 186668, 532624
[  532] 0, 186667, 532623
[  533] 0, 184243, 529391
[  534] 0, 186666, 532622
[  535] 0, 2823, 527694
[  536] 0, 154545, 532621
[  537] 0, 186665, 532620
[  538] 0, 16873, 532619
[  539] 0, 186664, 532618
[  540] 0, 182531, 521520
[  541] 0, 21653, 532617
[  542] 0, 50306, 532616
[  543] 0, 186663, 532615
[  544] 0, 186662, 532614
[  545] 0, 16865, 532613
[  546] 0, 186661, 532612
[  547] 0, 182528, 521514
[  548] 0, 179533, 531121
[  549] 0, 5772, 532611
[  550] 0, 52347, 532610
[  551] 0, 52346, 532609
[  552] 0, 186660, 532608
[  553] 0, 186659, 532607
[  554] 0, 88699, 532606
[  555] 0, 186658, 532605
[  556] 0, 186657, 532604
[  557] 0, 19421, 532603
[  558] 0, 186656, 532602
[  559] 0, 186655, 532601
[  560] 0, 4720, 531175
[  561] 0, 186654, 532600
[  562] 0, 44635, 532599
[  563] 0, 186653, 532598
[  564] 0, 186652, 532597
[  565] 0, 181916, 532596
[  566] 0, 186651, 532595
[  567] 0, 40672, 532594
[  568] 0, 186650, 532593
[  569] 0, 186649, 532592
[  570] 0, 186648, 532591
[  571] 0, 186647, 532590
[  572] 0, 186646, 532589
[  573] 0, 186645, 532588
[  574] 0, 186644, 532587
[  575] 0, 53949, 532586
[  576] 0, 186643, 532585
[  577] 0, 127071, 532584
[  578] 0, 186642, 532583
[  579] 0, 186641, 532582
[  580] 0, 3906, 532581
[  581] 0, 119909, 532580
[  582] 0, 186640, 532579
[  583] 0, 186639, 532578
[  584] 0, 186638, 532577
[  585] 0, 4789, 532576
[  586] 0, 186637, 532575
[  587] 0, 186636, 532574
[  588] 0, 111036, 532573
[  589] 0, 186635, 532572
[  590] 0, 186634, 532571
[  591] 0, 186633, 532570
[  592] 0, 186632, 532569
[  593] 0, 4785, 532568
[  594] 0, 4212, 532567
[  595] 0, 140859, 532566
[  596] 0, 4782, 532565
[  597] 0, 122001, 532564
[  598] 0, 186631, 532563
[  599] 0, 25193, 532562
[  600] 0, 88695, 532561
[  601] 0, 156396, 532560
[  602] 0, 4210, 532559
[  603] 0, 185730, 532558
[  604] 0, 119929, 532557
[  605] 0, 6000, 532556
[  606] 0, 186630, 532555
[  607] 0, 4780, 532554
[  608] 0, 186629, 532553
[  609] 0, 186628, 532552
[  610] 0, 186627, 532551
[  611] 0, 4777, 532550
[  612] 0, 146740, 532549
[  613] 0, 1645, 532548
[  614] 0, 186626, 532547
[  615] 0, 119927, 532546
[  616] 0, 186625, 532545
[  617] 0, 146739, 532544
[  618] 0, 186624, 532543
[  619] 0, 186623, 532542
[  620] 0, 186622, 532541
[  621] 0, 186621, 532540
[  622] 0, 186620, 532539
[  623] 0, 79972, 532538
[  624] 0, 173127, 532537
[  625] 0, 8195, 532536
[  626] 0, 186619, 532535
[  627] 0, 35028, 532534
[  628] 0, 186618, 532533
[  629] 0, 1224, 532532
[  630] 0, 186617, 532531
[  631] 0, 34263, 532530
[  632] 0, 142539, 532529
[  633] 0, 186616, 532528
[  634] 0, 186615, 532527
[  635] 0, 186614, 532526
[  636] 0, 35081, 532525
[  637] 0, 186613, 532524
[  638] 0, 186612, 532523
[  639] 0, 53073, 532522
[  640] 0, 186611, 532521
[  641] 0, 53070, 532520
[  642] 0, 186610, 532519
[  643] 0, 16051, 532518
[  644] 0, 186609, 532517
[  645] 0, 186608, 532516
[  646] 0, 186607, 532515
[  647] 0, 2743, 532514
[  648] 0, 16730, 532513
[  649] 0, 53067, 532512
[  650] 0, 20512, 532511
[  651] 0, 186606, 532510
[  652] 0, 186605, 532509
[  653] 0, 177875, 532508
[  654] 0, 17376, 532507
[  655] 0, 186604, 532506
[  656] 0, 186603, 532505
[  657] 0, 186602, 532504
[  658] 0, 44349, 532503
[  659] 0, 186601, 532502
[  660] 0, 186600, 532501
[  661] 0, 112527, 532500
[  662] 0, 142482, 532499
[  663] 0, 34936, 532498
[  664] 0, 133778, 532497
[  665] 0, 5797, 532496
[  666] 0, 186599, 532495
[  667] 0, 117001, 532494
[  668] 0, 186598, 532493
[  669] 0, 59728, 532492
[  670] 0, 186597, 532491
[  671] 0, 167191, 532490
[  672] 0, 186596, 532489
[  673] 0, 186595, 532488
[  674] 0, 186594, 532487
[  675] 0, 166694, 532486
[  676] 0, 186593, 532485
[  677] 0, 186592, 532484
[  678] 0, 166283, 532483
[  679] 0, 4557, 532482
[  680] 0, 186591, 532481
[  681] 0, 3536, 532480
[  682] 0, 4546, 532479
[  683] 0, 162849, 532478
[  684] 0, 186590, 532477
[  685] 0, 186589, 532476
[  686] 0, 38351, 531012
[  687] 0, 418, 532475
[  688] 0, 161419, 532474
[  689] 0, 72114, 532473
[  690] 0, 18589, 532472
[  691] 0, 111595, 532471
[  692] 0, 161147, 532470
[  693] 0, 4423, 532469
[  694] 0, 186588, 532468
[  695] 0, 186587, 532467
[  696] 0, 12699, 532466
[  697] 0, 160767, 532465
[  698] 0, 186586, 532464
[  699] 0, 186585, 532463
[  700] 0, 186584, 532462
[  701] 0, 6655, 532461
[  702] 0, 3409, 532460
[  703] 0, 160527, 532459
[  704] 0, 186583, 532458
[  705] 0, 175, 532457
[  706] 0, 3406, 532456
[  707] 0, 1719, 532455
[  708] 0, 186582, 532454
[  709] 0, 4995, 530681
[  710] 0, 185625, 532453
[  711] 0, 186581, 532452
[  712] 0, 3386, 532451
[  713] 0, 159957, 532450
[  714] 0, 399, 532449
[  715] 0, 185102, 528161
[  716] 0, 186580, 532448
[  717] 0, 159498, 532447
[  718] 0, 177672, 532446
[  719] 0, 183286, 532445
[  720] 0, 186579, 532444
[  721] 0, 156909, 532443
[  722] 0, 186578, 532442
[  723] 0, 183283, 530695
[  724] 0, 83125, 532441
[  725] 0, 186577, 532440
[  726] 0, 159172, 532439
[  727] 0, 186576, 532438
[  728] 0, 117177, 532437
[  729] 0, 109822, 532436
[  730] 0, 112511, 532435
[  731] 0, 185655, 532434
[  732] 0, 186575, 532433
[  733] 0, 186574, 532432
[  734] 0, 186573, 532431
[  735] 0, 186572, 532430
[  736] 0, 20577, 532429
[  737] 0, 380, 532428
[  738] 0, 5030, 532427
[  739] 0, 36445, 528132
[  740] 0, 21733, 532426
[  741] 0, 186571, 532425
[  742] 0, 186570, 532424
[  743] 0, 186569, 532423
[  744] 0, 186568, 532422
[  745] 0, 186567, 532421
[  746] 0, 186566, 532420
[  747] 0, 186565, 532419
[  748] 0, 186564, 532418
[  749] 0, 186563, 532417
[  750] 0, 186562, 532416
[  751] 0, 186561, 532415
[  752] 0, 186560, 532414
[  753] 0, 186559, 532413
[  754] 0, 127683, 532412
[  755] 0, 151752, 532411
[  756] 0, 186558, 532410
[  757] 0, 14497, 532409
[  758] 0, 14496, 532408
[  759] 0, 186557, 532407
[  760] 0, 186556, 532406
[  761] 0, 6287, 532405
[  762] 0, 186555, 532404
[  763] 0, 117113, 532403
[  764] 0, 14486, 532402
[  765] 0, 14485, 532401
[  766] 0, 186554, 532400
[  767] 0, 186553, 532399
[  768] 0, 105108, 532398
[  769] 0, 186552, 532397
[  770] 0, 14482, 532396
[  771] 0, 14481, 532395
[  772] 0, 14479, 532394
[  773] 0, 14478, 532393
[  774] 0, 186551, 532392
[  775] 0, 186550, 532391
[  776] 0, 186549, 532390
[  777] 0, 186548, 532389
[  778] 0, 6292, 532388
[  779] 0, 175272, 532387
[  780] 0, 3862, 532386
[  781] 0, 115379, 532385
[  782] 0, 186547, 532384
[  783] 0, 6274, 532383
[  784] 0, 49053, 532382
[  785] 0, 186546, 532381
[  786] 0, 186545, 532380
[  787] 0, 186544, 532379
[  788] 0, 108326, 532378
[  789] 0, 186543, 532377
[  790] 0, 186542, 532376
[  791] 0, 87306, 532375
[  792] 0, 186541, 532374
[  793] 0, 186540, 532373
[  794] 0, 186539, 532372
[  795] 0, 186538, 532371
[  796] 0, 186537, 532370
[  797] 0, 186536, 532369
[  798] 0, 186535, 532368
[  799] 0, 116984, 532367
[  800] 0, 186534, 532366
[  801] 0, 186533, 532365
[  802] 0, 186532, 532364
[  803] 0, 9675, 532363
[  804] 0, 9674, 532362
[  805] 0, 186531, 532361
[  806] 0, 186530, 532360
[  807] 0, 186529, 532359
[  808] 0, 186528, 532358
[  809] 0, 9672, 532357
[  810] 0, 9671, 532356
[  811] 0, 186527, 532355
[  812] 0, 25771, 532354
[  813] 0, 3874, 531388
[  814] 0, 3873, 531387
[  815] 0, 186526, 532353
[  816] 0, 6897, 532352
[  817] 0, 15816, 532351
[  818] 0, 186525, 532350
[  819] 0, 186524, 532349
[  820] 0, 124964, 532348
[  821] 0, 971, 532347
[  822] 0, 186523, 532346
[  823] 0, 179446, 532345
[  824] 0, 186522, 532344
[  825] 0, 186521, 532343
[  826] 0, 186520, 532342
[  827] 0, 186519, 532341
[  828] 0, 87360, 532340
[  829] 0, 70, 531187
[  830] 0, 69, 531186
[  831] 0, 186518, 532339
[  832] 0, 141916, 532338
[  833] 0, 186517, 532337
[  834] 0, 11605, 532336
[  835] 0, 186516, 532335
[  836] 0, 86401, 532334
[  837] 0, 186515, 532333
[  838] 0, 661, 532332
[  839] 0, 4939, 532331
[  840] 0, 9456, 532330
[  841] 0, 186514, 532329
[  842] 0, 186513, 532328
[  843] 0, 51364, 532327
[  844] 0, 164717, 532326
[  845] 0, 186512, 532325
[  846] 0, 183098, 532324
[  847] 0, 1685, 529853
[  848] 0, 186511, 532323
[  849] 0, 186510, 532322
[  850] 0, 6842, 532321
[  851] 0, 49057, 532320
[  852] 0, 186509, 532319
[  853] 0, 1183, 531397
[  854] 0, 177500, 532318
[  855] 0, 144843, 532317
[  856] 0, 177493, 532316
[  857] 0, 116942, 532315
[  858] 0, 183092, 532314
[  859] 0, 186508, 532313
[  860] 0, 66217, 531432
[  861] 0, 186507, 532312
[  862] 0, 170140, 532311
[  863] 0, 186506, 532310
[  864] 0, 184889, 532309
[  865] 0, 186505, 532308
[  866] 0, 117049, 532307
[  867] 0, 170138, 532306
[  868] 0, 186504, 532305
[  869] 0, 66214, 531418
[  870] 0, 186503, 532304
[  871] 0, 186502, 532303
[  872] 0, 164708, 532302
[  873] 0, 113681, 532301
[  874] 0, 98469, 531410
[  875] 0, 186501, 532300
[  876] 0, 186500, 532299
[  877] 0, 186499, 532298
[  878] 0, 2475, 532297
[  879] 0, 186498, 532296
[  880] 0, 186497, 532295
[  881] 0, 186496, 532294
[  882] 0, 85211, 532293
[  883] 0, 186495, 532292
[  884] 0, 186494, 532291
[  885] 0, 186493, 532290
[  886] 0, 186492, 532289
[  887] 0, 155304, 532288
[  888] 0, 181867, 532287
[  889] 0, 186491, 532286
[  890] 0, 180997, 532285
[  891] 0, 116989, 532284
[  892] 0, 186490, 532283
[  893] 0, 186489, 532282
[  894] 0, 532, 530495
[  895] 0, 186488, 532281
[  896] 0, 116928, 532280
[  897] 0, 179417, 532279
[  898] 0, 133275, 532278
[  899] 0, 186487, 532277
[  900] 0, 4256, 532276
[  901] 0, 148282, 532275
[  902] 0, 77782, 532274
[  903] 0, 180533, 532273
[  904] 0, 186486, 532272
[  905] 0, 34141, 532271
[  906] 0, 186485, 532270
[  907] 0, 186484, 532269
[  908] 0, 128804, 532268
[  909] 0, 15684, 532267
[  910] 0, 4875, 531214
[  911] 0, 132053, 532266
[  912] 0, 977, 532265
[  913] 0, 186483, 532264
[  914] 0, 186482, 532263
[  915] 0, 22170, 532262
[  916] 0, 186481, 532261
[  917] 0, 186480, 532260
[  918] 0, 13256, 532259
[  919] 0, 186479, 532258
[  920] 0, 137, 530856
[  921] 0, 58, 532257
[  922] 0, 186478, 532256
[  923] 0, 13273, 532255
[  924] 0, 186477, 532254
[  925] 0, 186476, 532253
[  926] 0, 79318, 532252
[  927] 0, 74773, 530291
[  928] 0, 74772, 530290
[  929] 0, 186475, 532251
[  930] 0, 74770, 532250
[  931] 0, 74769, 532249
[  932] 0, 186474, 532248
[  933] 0, 47836, 532247
[  934] 0, 10473, 532246
[  935] 0, 125317, 532245
[  936] 0, 186473, 532244
[  937] 0, 74525, 532243
[  938] 0, 74524, 532242
[  939] 0, 186472, 532241
[  940] 0, 144248, 532240
[  941] 0, 186471, 532239
[  942] 0, 186470, 532238
[  943] 0, 186469, 532237
[  944] 0, 186468, 532236
[  945] 0, 186467, 532235
[  946] 0, 962, 530866
[  947] 0, 186466, 532234
[  948] 0, 186465, 532233
[  949] 0, 1866, 532232
[  950] 0, 186464, 532231
[  951] 0, 48975, 532230
[  952] 0, 186463, 532229
[  953] 0, 16032, 532228
[  954] 0, 186462, 532227
[  955] 0, 125801, 532226
[  956] 0, 148254, 532225
[  957] 0, 64358, 532224
[  958] 0, 91497, 532223
[  959] 0, 4015, 530836
[  960] 0, 81129, 532222
[  961] 0, 186461, 532221
[  962] 0, 186460, 532220
[  963] 0, 186459, 532219
[  964] 0, 186458, 532218
[  965] 0, 19464, 532217
[  966] 0, 186457, 532216
[  967] 0, 15561, 532215
[  968] 0, 186456, 532214
[  969] 0, 155019, 532213
[  970] 0, 183581, 532212
[  971] 0, 3024, 532211
[  972] 0, 85, 532210
[  973] 0, 84, 532209
[  974] 0, 185255, 532208
[  975] 0, 82494, 532207
[  976] 0, 59859, 532206
[  977] 0, 3023, 532205
[  978] 0, 45103, 532204
[  979] 0, 186455, 532203
[  980] 0, 130236, 532202
[  981] 0, 171549, 532201
[  982] 0, 41445, 532200
[  983] 0, 186454, 532199
[  984] 0, 82, 532198
[  985] 0, 81, 532197
[  986] 0, 138324, 532196
[  987] 0, 620, 531287
[  988] 0, 50, 530413
[  989] 0, 49, 530412
[  990] 0, 57344, 532195
[  991] 0, 231, 532194
[  992] 0, 230, 532193
[  993] 0, 186453, 532192
[  994] 0, 206, 532191
[  995] 0, 205, 532190
[  996] 0, 171547, 532189
[  997] 0, 85272, 532188
[  998] 0, 183586, 532187
[  999] 0, 39381, 532186
[ 1000] 0, 81144, 532185
[ 1001] 0, 188, 532184
[ 1002] 0, 187, 532183
[ 1003] 0, 186452, 532182
[ 1004] 0, 186451, 532181
[ 1005] 0, 186450, 532180
[ 1006] 0, 186449, 532179
[ 1007] 0, 85268, 532178
[ 1008] 0, 20560, 532177
[ 1009] 0, 70553, 532176
[ 1010] 0, 1406, 532175
[ 1011] 0, 1405, 532174
[ 1012] 0, 1403, 532173
[ 1013] 0, 1402, 532172
[ 1014] 0, 186448, 532171
[ 1015] 0, 31101, 532170
[ 1016] 0, 56727, 532169
[ 1017] 0, 24041, 530667
[ 1018] 0, 180, 529798
[ 1019] 0, 179, 529797
[ 1020] 0, 85265, 532168
[ 1021] 0, 1398, 532167
[ 1022] 0, 1397, 532166
[ 1023] 0, 89947, 532165
[ 1024] 0, 169466, 532164
[ 1025] 0, 1395, 532163
[ 1026] 0, 1394, 532162
[ 1027] 0, 4936, 531263
[ 1028] 0, 186447, 532161
[ 1029] 0, 85262, 532160
[ 1030] 0, 113347, 532159
[ 1031] 0, 186446, 532158
[ 1032] 0, 184115, 532157
[ 1033] 0, 186445, 532156
[ 1034] 0, 24068, 530637
[ 1035] 0, 186444, 532155
[ 1036] 0, 3753, 532154
[ 1037] 0, 3195, 529955
[ 1038] 0, 186443, 532153
[ 1039] 0, 85259, 532152
[ 1040] 0, 113346, 532151
[ 1041] 0, 186442, 532150
[ 1042] 0, 8375, 532149
[ 1043] 0, 54451, 532148
[ 1044] 0, 85257, 532147
[ 1045] 0, 186441, 532146
[ 1046] 0, 113342, 532145
[ 1047] 0, 13261, 531225
[ 1048] 0, 186440, 532144
[ 1049] 0, 93384, 532143
[ 1050] 0, 186439, 532142
[ 1051] 0, 35171, 532141
[ 1052] 0, 79319, 532140
[ 1053] 0, 1143, 526603
[ 1054] 0, 26279, 532139
[ 1055] 0, 13252, 531216
[ 1056] 0, 33568, 532138
[ 1057] 0, 85254, 532137
[ 1058] 0, 113340, 532136
[ 1059] 0, 64180, 532135
[ 1060] 0, 186438, 532134
[ 1061] 0, 43727, 532133
[ 1062] 0, 113344, 532132
[ 1063] 0, 85251, 532131
[ 1064] 0, 186437, 532130
[ 1065] 0, 17954, 531230
[ 1066] 0, 107010, 532129
[ 1067] 0, 186436, 532128
[ 1068] 0, 85250, 532127
[ 1069] 0, 186435, 532126
[ 1070] 0, 186434, 532125
[ 1071] 0, 17942, 531213
[ 1072] 0, 186433, 532123
[ 1073] 0, 153974, 532122
[ 1074] 0, 55137, 525948
[ 1075] 0, 77914, 532121
[ 1076] 0, 51839, 532120
[ 1077] 0, 147632, 532119
[ 1078] 0, 186432, 532118
[ 1079] 0, 4672, 532117
[ 1080] 0, 186431, 532116
[ 1081] 0, 186430, 532115
[ 1082] 0, 186429, 532114
[ 1083] 0, 85236, 532113
[ 1084] 0, 186428, 532112
[ 1085] 0, 143746, 532111
[ 1086] 0, 186427, 532110
[ 1087] 0, 186426, 532109
[ 1088] 0, 79077, 532108
[ 1089] 0, 25159, 532107
[ 1090] 0, 186425, 532106
[ 1091] 0, 186424, 532105
[ 1092] 0, 29387, 532104
[ 1093] 0, 186423, 532103
[ 1094] 0, 186422, 532102
[ 1095] 0, 186421, 532101
[ 1096] 0, 186420, 532100
[ 1097] 0, 186419, 532099
[ 1098] 0, 113629, 532098
[ 1099] 0, 186418, 532097
[ 1100] 0, 186417, 532096
[ 1101] 0, 186416, 532095
[ 1102] 0, 186415, 532094
[ 1103] 0, 186414, 532093
[ 1104] 0, 86267, 532092
[ 1105] 0, 186413, 532091
[ 1106] 0, 11573, 532090
[ 1107] 0, 186412, 532089
[ 1108] 0, 49396, 532088
[ 1109] 0, 186411, 532087
[ 1110] 0, 52059, 532086
[ 1111] 0, 27054, 532085
[ 1112] 0, 186410, 532084
[ 1113] 0, 52999, 532083
[ 1114] 0, 186409, 532082
[ 1115] 0, 111754, 532081
[ 1116] 0, 21755, 532080
[ 1117] 0, 18523, 532079
[ 1118] 0, 186408, 532078
[ 1119] 0, 186407, 532077
[ 1120] 0, 12330, 532076
[ 1121] 0, 1012, 532075
[ 1122] 0, 41499, 532074
[ 1123] 0, 18513, 532073
[ 1124] 0, 186406, 532072
[ 1125] 0, 120405, 532071
[ 1126] 0, 186405, 532070
[ 1127] 0, 148879, 532069
[ 1128] 0, 32898, 532068
[ 1129] 0, 2350, 531239
[ 1130] 0, 28817, 532067
[ 1131] 0, 184571, 532066
[ 1132] 0, 125967, 532065
[ 1133] 0, 32999, 532064
[ 1134] 0, 186404, 532063
[ 1135] 0, 186403, 532062
[ 1136] 0, 186402, 532061
[ 1137] 0, 186401, 532060
[ 1138] 0, 186400, 532059
[ 1139] 0, 186399, 532058
[ 1140] 0, 186398, 532057
[ 1141] 0, 186097, 531193
[ 1142] 0, 186096, 531192
[ 1143] 0, 186397, 532056
[ 1144] 0, 72740, 532055
[ 1145] 0, 72739, 532054
[ 1146] 0, 186396, 532053
[ 1147] 0, 9726, 532052
[ 1148] 0, 186395, 532051
[ 1149] 0, 170011, 532050
[ 1150] 0, 186394, 532049
[ 1151] 0, 186393, 532048
[ 1152] 0, 14530, 532047
[ 1153] 0, 186392, 532046
[ 1154] 0, 186391, 532045
[ 1155] 0, 186390, 532044
[ 1156] 0, 66100, 532043
[ 1157] 0, 186389, 532042
[ 1158] 0, 9715, 532041
[ 1159] 0, 186388, 532040
[ 1160] 0, 21000, 532039
[ 1161] 0, 186387, 532038
[ 1162] 0, 7630, 529419
[ 1163] 0, 186386, 532037
[ 1164] 0, 2712, 532036
[ 1165] 0, 9710, 532035
[ 1166] 0, 26396, 532034
[ 1167] 0, 186385, 532033
[ 1168] 0, 9613, 532032
[ 1169] 0, 186384, 532031
[ 1170] 0, 186383, 532030
[ 1171] 0, 186382, 532029
[ 1172] 0, 186381, 532028
[ 1173] 0, 186380, 532027
[ 1174] 0, 9705, 532026
[ 1175] 0, 185310, 532025
[ 1176] 0, 186379, 532024
[ 1177] 0, 186378, 532023
[ 1178] 0, 28259, 532022
[ 1179] 0, 186377, 532021
[ 1180] 0, 110491, 532020
[ 1181] 0, 186376, 532019
[ 1182] 0, 174936, 528303
[ 1183] 0, 9693, 532018
[ 1184] 0, 186375, 532017
[ 1185] 0, 186374, 532016
[ 1186] 0, 75003, 532015
[ 1187] 0, 67733, 530536
[ 1188] 0, 121050, 532014
[ 1189] 0, 7510, 528256
[ 1190] 0, 33015, 532013
[ 1191] 0, 18488, 532012
[ 1192] 0, 186373, 532011
[ 1193] 0, 9677, 532010
[ 1194] 0, 136425, 532009
[ 1195] 0, 28464, 530792
[ 1196] 0, 186372, 532008
[ 1197] 0, 186371, 532007
[ 1198] 0, 9669, 532006
[ 1199] 0, 186370, 532005
[ 1200] 0, 39586, 530702
[ 1201] 0, 183395, 532004
[ 1202] 0, 186369, 532003
[ 1203] 0, 3767, 532002
[ 1204] 0, 57424, 530810
[ 1205] 0, 2298, 532001
[ 1206] 0, 39612, 530728
[ 1207] 0, 186368, 532000
[ 1208] 0, 39608, 530722
[ 1209] 0, 80790, 531999
[ 1210] 0, 80789, 531998
[ 1211] 0, 131434, 531997
[ 1212] 0, 39596, 530714
[ 1213] 0, 186367, 531996
[ 1214] 0, 186366, 531995
[ 1215] 0, 186365, 531994
[ 1216] 0, 1791, 531993
[ 1217] 0, 39573, 530769
[ 1218] 0, 25010, 530843
[ 1219] 0, 186364, 531992
[ 1220] 0, 1028, 531991
[ 1221] 0, 32089, 531990
[ 1222] 0, 17519, 531989
[ 1223] 0, 44706, 531988
[ 1224] 0, 44705, 531987
[ 1225] 0, 131495, 530555
[ 1226] 0, 186363, 531986
[ 1227] 0, 186362, 531985
[ 1228] 0, 46371, 531984
[ 1229] 0, 40210, 531983
[ 1230] 0, 6541, 531982
[ 1231] 0, 186361, 531981
[ 1232] 0, 20845, 531980
[ 1233] 0, 20844, 531979
[ 1234] 0, 176992, 531978
[ 1235] 0, 140446, 531977
[ 1236] 0, 147917, 531976
[ 1237] 0, 20839, 531975
[ 1238] 0, 20838, 531974
[ 1239] 0, 97720, 531973
[ 1240] 0, 186360, 531972
[ 1241] 0, 14198, 526660
[ 1242] 0, 186359, 531971
[ 1243] 0, 186358, 531970
[ 1244] 0, 45420, 531969
[ 1245] 0, 31886, 531968
[ 1246] 0, 159860, 531967
[ 1247] 0, 148684, 531966
[ 1248] 0, 186357, 531965
[ 1249] 0, 163924, 531964
[ 1250] 0, 93755, 531963
[ 1251] 0, 159342, 531962
[ 1252] 0, 10101, 531961
[ 1253] 0, 53854, 531960
[ 1254] 0, 116249, 531959
[ 1255] 0, 186356, 531958
[ 1256] 0, 163919, 531957
[ 1257] 0, 46403, 530675
[ 1258] 0, 32501, 530476
[ 1259] 0, 9000, 531956
[ 1260] 0, 8999, 531955
[ 1261] 0, 186355, 531954
[ 1262] 0, 53529, 531953
[ 1263] 0, 545, 531952
[ 1264] 0, 186354, 531951
[ 1265] 0, 161000, 531950
[ 1266] 0, 171372, 531949
[ 1267] 0, 6111, 531948
[ 1268] 0, 6110, 531947
[ 1269] 0, 185626, 531946
[ 1270] 0, 541, 531945
[ 1271] 0, 83004, 531944
[ 1272] 0, 186353, 531943
[ 1273] 0, 18482, 531942
[ 1274] 0, 2289, 531941
[ 1275] 0, 2288, 531940
[ 1276] 0, 186352, 531939
[ 1277] 0, 100572, 531938
[ 1278] 0, 10232, 531937
[ 1279] 0, 519, 531936
[ 1280] 0, 5106, 531935
[ 1281] 0, 51148, 531934
[ 1282] 0, 18448, 531933
[ 1283] 0, 6108, 531932
[ 1284] 0, 6107, 531931
[ 1285] 0, 186351, 531930
[ 1286] 0, 159327, 531929
[ 1287] 0, 186350, 531928
[ 1288] 0, 186349, 531927
[ 1289] 0, 186348, 531926
[ 1290] 0, 186347, 531925
[ 1291] 0, 186346, 531924
[ 1292] 0, 22362, 531923
[ 1293] 0, 186345, 531922
[ 1294] 0, 1903, 531921
[ 1295] 0, 186344, 531920
[ 1296] 0, 181115, 531919
[ 1297] 0, 186343, 531918
[ 1298] 0, 53821, 529172
[ 1299] 0, 173515, 531917
[ 1300] 0, 5896, 531916
[ 1301] 0, 6090, 531915
[ 1302] 0, 6089, 531914
[ 1303] 0, 2853, 531913
[ 1304] 0, 186342, 531912
[ 1305] 0, 186341, 531911
[ 1306] 0, 173634, 531910
[ 1307] 0, 24077, 531909
[ 1308] 0, 147916, 531908
[ 1309] 0, 130799, 531907
[ 1310] 0, 10140, 531906
[ 1311] 0, 2863, 531905
[ 1312] 0, 147959, 531904
[ 1313] 0, 172362, 531903
[ 1314] 0, 186340, 531902
[ 1315] 0, 42106, 531901
[ 1316] 0, 186339, 531900
[ 1317] 0, 186338, 531898
[ 1318] 0, 48494, 531897
[ 1319] 0, 88971, 531896
[ 1320] 0, 2512, 531895
[ 1321] 0, 186337, 531894
[ 1322] 0, 134845, 531893
[ 1323] 0, 28994, 531892
[ 1324] 0, 6586, 531891
[ 1325] 0, 185463, 529124
[ 1326] 0, 69753, 531890
[ 1327] 0, 186336, 531889
[ 1328] 0, 155786, 531888
[ 1329] 0, 131438, 531887
[ 1330] 0, 186335, 531886
[ 1331] 0, 172792, 531885
[ 1332] 0, 181614, 531884
[ 1333] 0, 186334, 531883
[ 1334] 0, 631, 530986
[ 1335] 0, 186333, 531882
[ 1336] 0, 131500, 531881
[ 1337] 0, 119055, 531880
[ 1338] 0, 181904, 531879
[ 1339] 0, 147942, 531878
[ 1340] 0, 44844, 531877
[ 1341] 0, 4666, 531876
[ 1342] 0, 52753, 531875
[ 1343] 0, 186332, 531874
[ 1344] 0, 59373, 531873
[ 1345] 0, 1087, 531872
[ 1346] 0, 115491, 531871
[ 1347] 0, 1998, 531870
[ 1348] 0, 2661, 531869
[ 1349] 0, 50315, 531868
[ 1350] 0, 1365, 531867
[ 1351] 0, 3901, 531866
[ 1352] 0, 186331, 531865
[ 1353] 0, 186330, 531864
[ 1354] 0, 184937, 531863
[ 1355] 0, 177734, 531862
[ 1356] 0, 12994, 531861
[ 1357] 0, 169291, 531860
[ 1358] 0, 125290, 531859
[ 1359] 0, 186329, 531858
[ 1360] 0, 158595, 531857
[ 1361] 0, 90972, 531856
[ 1362] 0, 1030, 531855
[ 1363] 0, 118583, 531854
[ 1364] 0, 186328, 531853
[ 1365] 0, 36700, 531852
[ 1366] 0, 1346, 531851
[ 1367] 0, 146131, 531850
[ 1368] 0, 118581, 531849
[ 1369] 0, 16228, 531848
[ 1370] 0, 4108, 531847
[ 1371] 0, 186327, 531846
[ 1372] 0, 186326, 531845
[ 1373] 0, 186325, 531844
[ 1374] 0, 50532, 530306
[ 1375] 0, 152726, 531843
[ 1376] 0, 152087, 531842
[ 1377] 0, 186324, 531841
[ 1378] 0, 186323, 531840
[ 1379] 0, 6425, 531839
[ 1380] 0, 186322, 531838
[ 1381] 0, 186321, 531837
[ 1382] 0, 155946, 531836
[ 1383] 0, 111109, 531835
[ 1384] 0, 1333, 531834
[ 1385] 0, 50419, 531833
[ 1386] 0, 3933, 531832
[ 1387] 0, 14292, 531831
[ 1388] 0, 113421, 531830
[ 1389] 0, 13428, 531829
[ 1390] 0, 176582, 531828
[ 1391] 0, 152066, 531827
[ 1392] 0, 52212, 531826
[ 1393] 0, 186320, 531825
[ 1394] 0, 6189, 531824
[ 1395] 0, 157218, 531823
[ 1396] 0, 143973, 531822
[ 1397] 0, 126949, 529360
[ 1398] 0, 129758, 531821
[ 1399] 0, 186319, 531819
[ 1400] 0, 1324, 529302
[ 1401] 0, 131367, 531818
[ 1402] 0, 176575, 531817
[ 1403] 0, 145553, 531816
[ 1404] 0, 186318, 531815
[ 1405] 0, 97971, 530301
[ 1406] 0, 162945, 531814
[ 1407] 0, 186317, 531813
[ 1408] 0, 124121, 531812
[ 1409] 0, 186316, 531811
[ 1410] 0, 79864, 530298
[ 1411] 0, 186315, 531810
[ 1412] 0, 131374, 531809
[ 1413] 0, 136534, 531808
[ 1414] 0, 50513, 530285
[ 1415] 0, 1300, 531807
[ 1416] 0, 8744, 531806
[ 1417] 0, 12616, 530839
[ 1418] 0, 20337, 531805
[ 1419] 0, 186314, 531804
[ 1420] 0, 4846, 531803
[ 1421] 0, 186313, 531802
[ 1422] 0, 186312, 531801
[ 1423] 0, 33647, 531800
[ 1424] 0, 174576, 531799
[ 1425] 0, 5473, 531798
[ 1426] 0, 5527, 531797
[ 1427] 0, 186311, 531796
[ 1428] 0, 2253, 531795
[ 1429] 0, 2252, 531794
[ 1430] 0, 186310, 531793
[ 1431] 0, 186309, 531792
[ 1432] 0, 128240, 531791
[ 1433] 0, 185669, 529916
[ 1434] 0, 176252, 531790
[ 1435] 0, 186308, 531789
[ 1436] 0, 2236, 531788
[ 1437] 0, 2235, 531787
[ 1438] 0, 50703, 531786
[ 1439] 0, 186307, 531784
[ 1440] 0, 159663, 529984
[ 1441] 0, 183118, 531783
[ 1442] 0, 2234, 531782
[ 1443] 0, 2233, 531781
[ 1444] 0, 148219, 531780
[ 1445] 0, 186306, 531779
[ 1446] 0, 170701, 531778
[ 1447] 0, 13498, 531777
[ 1448] 0, 120840, 531776
[ 1449] 0, 2196, 531775
[ 1450] 0, 2195, 531774
[ 1451] 0, 12438, 531773
[ 1452] 0, 12959, 531772
[ 1453] 0, 186305, 531771
[ 1454] 0, 120834, 531770
[ 1455] 0, 186304, 531769
[ 1456] 0, 8722, 531768
[ 1457] 0, 186303, 531767
[ 1458] 0, 845, 529899
[ 1459] 0, 844, 529898
[ 1460] 0, 184597, 531766
[ 1461] 0, 11600, 531765
[ 1462] 0, 120832, 531764
[ 1463] 0, 131406, 531762
[ 1464] 0, 186302, 531761
[ 1465] 0, 843, 529896
[ 1466] 0, 842, 529895
[ 1467] 0, 11593, 531760
[ 1468] 0, 120831, 531759
[ 1469] 0, 186301, 531758
[ 1470] 0, 68550, 531756
[ 1471] 0, 120821, 531755
[ 1472] 0, 186300, 531754
[ 1473] 0, 131408, 531753
[ 1474] 0, 19628, 531752
[ 1475] 0, 186299, 531751
[ 1476] 0, 120816, 531750
[ 1477] 0, 144152, 531749
[ 1478] 0, 154101, 531748
[ 1479] 0, 186298, 531746
[ 1480] 0, 186297, 531745
[ 1481] 0, 2704, 531744
[ 1482] 0, 2703, 531743
[ 1483] 0, 79676, 531742
[ 1484] 0, 186296, 531740
[ 1485] 0, 4554, 531739
[ 1486] 0, 186295, 531738
[ 1487] 0, 90963, 531737
[ 1488] 0, 2465, 531736
[ 1489] 0, 2464, 531735
[ 1490] 0, 152060, 530559
[ 1491] 0, 143615, 531734
[ 1492] 0, 8697, 531732
[ 1493] 0, 110602, 531731
[ 1494] 0, 54205, 531730
[ 1495] 0, 182312, 531729
[ 1496] 0, 148871, 530337
[ 1497] 0, 1710, 531728
[ 1498] 0, 2459, 531727
[ 1499] 0, 59352, 531726
[ 1500] 0, 186294, 531724
[ 1501] 0, 186293, 531723
[ 1502] 0, 155956, 531722
[ 1503] 0, 54365, 529958
[ 1504] 0, 120806, 531721
[ 1505] 0, 186292, 531720
[ 1506] 0, 5622, 531719
[ 1507] 0, 4696, 531718
[ 1508] 0, 17234, 531717
[ 1509] 0, 2578, 531716
[ 1510] 0, 186291, 531715
[ 1511] 0, 8925, 531714
[ 1512] 0, 80444, 531713
[ 1513] 0, 181918, 531712
[ 1514] 0, 182542, 531711
[ 1515] 0, 147777, 531710
[ 1516] 0, 25758, 530655
[ 1517] 0, 186290, 531709
[ 1518] 0, 186289, 531708
[ 1519] 0, 186288, 531707
[ 1520] 0, 60985, 531706
[ 1521] 0, 124068, 531705
[ 1522] 0, 99165, 531704
[ 1523] 0, 27076, 530643
[ 1524] 0, 111860, 531702
[ 1525] 0, 164187, 531701
[ 1526] 0, 164195, 530316
[ 1527] 0, 186287, 531700
[ 1528] 0, 186286, 531699
[ 1529] 0, 178614, 531698
[ 1530] 0, 182729, 530638
[ 1531] 0, 157673, 530326
[ 1532] 0, 185041, 531697
[ 1533] 0, 72776, 531696
[ 1534] 0, 145192, 531695
[ 1535] 0, 48781, 531694
[ 1536] 0, 48777, 531693
[ 1537] 0, 58042, 531692
[ 1538] 0, 115832, 531691
[ 1539] 0, 3283, 531690
[ 1540] 0, 23653, 530072
[ 1541] 0, 12520, 531689
[ 1542] 0, 186285, 531688
[ 1543] 0, 184655, 531687
[ 1544] 0, 68551, 531686
[ 1545] 0, 86871, 530621
[ 1546] 0, 106208, 530264
[ 1547] 0, 148878, 530310
[ 1548] 0, 25279, 531685
[ 1549] 0, 145562, 531684
[ 1550] 0, 33950, 531683
[ 1551] 0, 138569, 527400
[ 1552] 0, 186284, 531682
[ 1553] 0, 105323, 531681
[ 1554] 0, 33944, 531680
[ 1555] 0, 2407, 531679
[ 1556] 0, 3825, 531678
[ 1557] 0, 186283, 531677
[ 1558] 0, 5152, 531676
[ 1559] 0, 4292, 526102
[ 1560] 0, 147277, 531675
[ 1561] 0, 53547, 531674
[ 1562] 0, 20931, 531673
[ 1563] 0, 186282, 531672
[ 1564] 0, 1200, 530742
[ 1565] 0, 186281, 531671
[ 1566] 0, 28, 530738
[ 1567] 0, 56426, 531670
[ 1568] 0, 20094, 530732
[ 1569] 0, 111400, 531669
[ 1570] 0, 1840, 531668
[ 1571] 0, 3628, 531667
[ 1572] 0, 186280, 531666
[ 1573] 0, 186279, 531665
[ 1574] 0, 186278, 531664
[ 1575] 0, 138706, 529193
[ 1576] 0, 186277, 531663
[ 1577] 0, 53598, 531662
[ 1578] 0, 186276, 531661
[ 1579] 0, 144946, 531660
[ 1580] 0, 186275, 531659
[ 1581] 0, 186274, 531658
[ 1582] 0, 186273, 531657
[ 1583] 0, 186272, 531656
[ 1584] 0, 127700, 531655
[ 1585] 0, 145410, 529942
[ 1586] 0, 56435, 530233
[ 1587] 0, 186271, 531654
[ 1588] 0, 185760, 530224
[ 1589] 0, 185683, 529960
[ 1590] 0, 77598, 531653
[ 1591] 0, 973, 525324
[ 1592] 0, 186270, 531652
[ 1593] 0, 55, 529946
[ 1594] 0, 77593, 531651
[ 1595] 0, 834, 531650
[ 1596] 0, 833, 531649
[ 1597] 0, 4088, 531648
[ 1598] 0, 4087, 531647
[ 1599] 0, 1302, 531646
[ 1600] 0, 86, 530666
[ 1601] 0, 186269, 531645
[ 1602] 0, 474, 531644
[ 1603] 0, 473, 531643
[ 1604] 0, 77590, 531642
[ 1605] 0, 4085, 531641
[ 1606] 0, 106113, 530215
[ 1607] 0, 77587, 531640
[ 1608] 0, 164925, 530644
[ 1609] 0, 9294, 531639
[ 1610] 0, 472, 531638
[ 1611] 0, 471, 531637
[ 1612] 0, 24805, 531636
[ 1613] 0, 136281, 531635
[ 1614] 0, 253, 531634
[ 1615] 0, 252, 531633
[ 1616] 0, 6691, 531632
[ 1617] 0, 77585, 531631
[ 1618] 0, 186268, 531630
[ 1619] 0, 185872, 530527
[ 1620] 0, 1047, 531629
[ 1621] 0, 186267, 531628
[ 1622] 0, 77584, 531627
[ 1623] 0, 88688, 531626
[ 1624] 0, 8211, 531625
[ 1625] 0, 12341, 531624
[ 1626] 0, 151875, 530685
[ 1627] 0, 186266, 531623
[ 1628] 0, 186265, 531622
[ 1629] 0, 145678, 531621
[ 1630] 0, 1117, 530634
[ 1631] 0, 77583, 531620
[ 1632] 0, 1114, 530633
[ 1633] 0, 6452, 531619
[ 1634] 0, 21314, 529907
[ 1635] 0, 27705, 531618
[ 1636] 0, 1338, 531617
[ 1637] 0, 186264, 531616
[ 1638] 0, 4301, 531615
[ 1639] 0, 77582, 531614
[ 1640] 0, 5809, 531613
[ 1641] 0, 186263, 531612
[ 1642] 0, 186262, 531611
[ 1643] 0, 16894, 531610
[ 1644] 0, 4345, 531609
[ 1645] 0, 147569, 531608
[ 1646] 0, 22400, 531607
[ 1647] 0, 22388, 531606
[ 1648] 0, 52287, 531605
[ 1649] 0, 6875, 531604
[ 1650] 0, 186261, 531603
[ 1651] 0, 91821, 531602
[ 1652] 0, 492, 531601
[ 1653] 0, 186260, 531600
[ 1654] 0, 2167, 531599
[ 1655] 0, 52285, 531598
[ 1656] 0, 186259, 531597
[ 1657] 0, 2106, 531596
[ 1658] 0, 4424, 531595
[ 1659] 0, 144491, 531594
[ 1660] 0, 1974, 531593
[ 1661] 0, 102989, 531592
[ 1662] 0, 186258, 531591
[ 1663] 0, 174300, 531590
[ 1664] 0, 186257, 531589
[ 1665] 0, 127019, 531588
[ 1666] 0, 186256, 531587
[ 1667] 0, 186255, 531586
[ 1668] 0, 83331, 531585
[ 1669] 0, 147069, 531583
[ 1670] 0, 178990, 531581
[ 1671] 0, 94605, 531580
[ 1672] 0, 186254, 531579
[ 1673] 0, 179000, 531578
[ 1674] 0, 186253, 531577
[ 1675] 0, 175192, 531576
[ 1676] 0, 5486, 531575
[ 1677] 0, 99457, 531574
[ 1678] 0, 142670, 531573
[ 1679] 0, 21339, 530141
[ 1680] 0, 745, 531572
[ 1681] 0, 970, 531571
[ 1682] 0, 186252, 531570
[ 1683] 0, 128114, 531569
[ 1684] 0, 186251, 531568
[ 1685] 0, 6550, 531567
[ 1686] 0, 186250, 531566
[ 1687] 0, 186249, 531565
[ 1688] 0, 120871, 531564
[ 1689] 0, 146556, 531563
[ 1690] 0, 186248, 531562
[ 1691] 0, 95415, 531561
[ 1692] 0, 186247, 531560
[ 1693] 0, 75063, 531558
[ 1694] 0, 172274, 531557
[ 1695] 0, 186246, 531556
[ 1696] 0, 9999, 531555
[ 1697] 0, 182316, 531554
[ 1698] 0, 186245, 531552
[ 1699] 0, 75078, 531551
[ 1700] 0, 186244, 531550
[ 1701] 0, 34164, 531549
[ 1702] 0, 186243, 531548
[ 1703] 0, 26674, 531547
[ 1704] 0, 186242, 531546
[ 1705] 0, 186241, 531545
[ 1706] 0, 1357, 531544
[ 1707] 0, 2696, 531543
[ 1708] 0, 186240, 531542
[ 1709] 0, 8616, 531541
[ 1710] 0, 186239, 531540
[ 1711] 0, 111616, 531539
[ 1712] 0, 1966, 531538
[ 1713] 0, 20794, 531537
[ 1714] 0, 34152, 531536
[ 1715] 0, 4008, 531535
[ 1716] 0, 186238, 531534
[ 1717] 0, 186237, 531533
[ 1718] 0, 19339, 531532
[ 1719] 0, 186236, 531531
[ 1720] 0, 186235, 531530
[ 1721] 0, 1955, 531529
[ 1722] 0, 186234, 531528
[ 1723] 0, 72370, 531527
[ 1724] 0, 20377, 531526
[ 1725] 0, 3214, 531525
[ 1726] 0, 78442, 531524
[ 1727] 0, 186233, 531523
[ 1728] 0, 143355, 531522
[ 1729] 0, 32756, 531521
[ 1730] 0, 186232, 531520
[ 1731] 0, 4294, 531519
[ 1732] 0, 186231, 531518
[ 1733] 0, 147364, 531517
[ 1734] 0, 186230, 531516
[ 1735] 0, 50321, 531515
[ 1736] 0, 186229, 531514
[ 1737] 0, 186228, 531513
[ 1738] 0, 186227, 531512
[ 1739] 0, 186226, 531511
[ 1740] 0, 8334, 531510
[ 1741] 0, 143880, 531509
[ 1742] 0, 186225, 531504
[ 1743] 0, 186224, 531503
[ 1744] 0, 186223, 531502
[ 1745] 0, 186222, 531501
[ 1746] 0, 183549, 531500
[ 1747] 0, 4787, 531499
[ 1748] 0, 54393, 531492
[ 1749] 0, 186221, 531491
[ 1750] 0, 146835, 531490
[ 1751] 0, 186220, 531487
[ 1752] 0, 186219, 531486
[ 1753] 0, 2720, 531485
[ 1754] 0, 186218, 531484
[ 1755] 0, 61997, 531483
[ 1756] 0, 111627, 531482
[ 1757] 0, 97561, 530283
[ 1758] 0, 78392, 531481
[ 1759] 0, 186217, 531480
[ 1760] 0, 186216, 531479
[ 1761] 0, 6973, 531478
[ 1762] 0, 53690, 531477
[ 1763] 0, 186215, 531476
[ 1764] 0, 186214, 531475
[ 1765] 0, 186213, 531474
[ 1766] 0, 78386, 531473
[ 1767] 0, 186212, 531472
[ 1768] 0, 186211, 531471
[ 1769] 0, 186210, 531470
[ 1770] 0, 1876, 531469
[ 1771] 0, 90684, 531468
[ 1772] 0, 186209, 531467
[ 1773] 0, 1135, 531466
[ 1774] 0, 1134, 531465
[ 1775] 0, 186208, 531464
[ 1776] 0, 90683, 531463
[ 1777] 0, 186207, 531462
[ 1778] 0, 186206, 531461
[ 1779] 0, 3766, 531460
[ 1780] 0, 186205, 531459
[ 1781] 0, 62918, 531458
[ 1782] 0, 78382, 531457
[ 1783] 0, 173, 531456
[ 1784] 0, 163580, 531455
[ 1785] 0, 118830, 531454
[ 1786] 0, 690, 531453
[ 1787] 0, 126794, 531452
[ 1788] 0, 11376, 531451
[ 1789] 0, 136400, 531450
[ 1790] 0, 25895, 531449
[ 1791] 0, 25776, 531448
[ 1792] 0, 186204, 531447
[ 1793] 0, 32593, 531446
[ 1794] 0, 47952, 531445
[ 1795] 0, 2755, 531444
[ 1796] 0, 8369, 531443
[ 1797] 0, 26052, 531442
[ 1798] 0, 11373, 531441
[ 1799] 0, 1851, 531440
[ 1800] 0, 2693, 531439
[ 1801] 0, 186203, 531438
[ 1802] 0, 65402, 531437
[ 1803] 0, 186202, 531436
[ 1804] 0, 32579, 531435
[ 1805] 0, 11370, 531434
[ 1806] 0, 130051, 531433
[ 1807] 0, 186201, 531431
[ 1808] 0, 50450, 531430
[ 1809] 0, 11368, 531429
[ 1810] 0, 186200, 531428
[ 1811] 0, 186199, 531427
[ 1812] 0, 23818, 531426
[ 1813] 0, 186198, 531425
[ 1814] 0, 21672, 531424
[ 1815] 0, 21671, 531423
[ 1816] 0, 19127, 531422
[ 1817] 0, 150600, 531421
[ 1818] 0, 186197, 531420
[ 1819] 0, 11364, 531419
[ 1820] 0, 153729, 531417
[ 1821] 0, 138227, 531416
[ 1822] 0, 186196, 531415
[ 1823] 0, 38980, 531414
[ 1824] 0, 186195, 531413
[ 1825] 0, 186194, 531412
[ 1826] 0, 186193, 531411
[ 1827] 0, 186192, 531409
[ 1828] 0, 163572, 531408
[ 1829] 0, 186191, 531407
[ 1830] 0, 186190, 531406
[ 1831] 0, 4445, 531405
[ 1832] 0, 186189, 531404
[ 1833] 0, 186188, 531403
[ 1834] 0, 50429, 531402
[ 1835] 0, 99310, 531401
[ 1836] 0, 2745, 531399
[ 1837] 0, 186187, 531398
[ 1838] 0, 186186, 531396
[ 1839] 0, 186185, 531395
[ 1840] 0, 186184, 531394
[ 1841] 0, 32543, 531393
[ 1842] 0, 662, 531392
[ 1843] 0, 186183, 531391
[ 1844] 0, 651, 531390
[ 1845] 0, 94166, 528818
[ 1846] 0, 140907, 531389
[ 1847] 0, 32537, 531386
[ 1848] 0, 65443, 531384
[ 1849] 0, 186182, 531383
[ 1850] 0, 46829, 531382
[ 1851] 0, 186181, 531381
[ 1852] 0, 17568, 531380
[ 1853] 0, 46110, 531379
[ 1854] 0, 92327, 531378
[ 1855] 0, 186180, 531377
[ 1856] 0, 186179, 531376
[ 1857] 0, 50763, 531375
[ 1858] 0, 52676, 531374
[ 1859] 0, 17558, 531373
[ 1860] 0, 44475, 531372
[ 1861] 0, 186178, 531371
[ 1862] 0, 26463, 531370
[ 1863] 0, 186177, 531369
[ 1864] 0, 155783, 531368
[ 1865] 0, 6990, 531367
[ 1866] 0, 16445, 531366
[ 1867] 0, 186176, 531365
[ 1868] 0, 186175, 531364
[ 1869] 0, 103512, 531363
[ 1870] 0, 186174, 531362
[ 1871] 0, 65861, 531361
[ 1872] 0, 146654, 531360
[ 1873] 0, 101410, 531359
[ 1874] 0, 104730, 531358
[ 1875] 0, 186173, 531357
[ 1876] 0, 17106, 531356
[ 1877] 0, 186172, 531355
[ 1878] 0, 4260, 531354
[ 1879] 0, 25751, 531353
[ 1880] 0, 186171, 531352
[ 1881] 0, 4592, 531351
[ 1882] 0, 21017, 531350
[ 1883] 0, 24954, 531349
[ 1884] 0, 4567, 531348
[ 1885] 0, 186170, 531347
[ 1886] 0, 186169, 531346
[ 1887] 0, 21387, 531345
[ 1888] 0, 186168, 531344
[ 1889] 0, 77813, 531343
[ 1890] 0, 155763, 531342
[ 1891] 0, 186167, 531341
[ 1892] 0, 186166, 531340
[ 1893] 0, 186165, 531339
[ 1894] 0, 186164, 531338
[ 1895] 0, 186163, 531337
[ 1896] 0, 186162, 531336
[ 1897] 0, 4410, 531335
[ 1898] 0, 11579, 531334
[ 1899] 0, 186161, 531333
[ 1900] 0, 186160, 531332
[ 1901] 0, 4387, 529498
[ 1902] 0, 186159, 531331
[ 1903] 0, 2137, 529785
[ 1904] 0, 179619, 531330
[ 1905] 0, 4757, 531329
[ 1906] 0, 9241, 531328
[ 1907] 0, 25744, 531327
[ 1908] 0, 186158, 531326
[ 1909] 0, 186157, 531325
[ 1910] 0, 55396, 531324
[ 1911] 0, 50309, 531323
[ 1912] 0, 75084, 531322
[ 1913] 0, 75083, 531321
[ 1914] 0, 186156, 531320
[ 1915] 0, 75076, 531319
[ 1916] 0, 75075, 531318
[ 1917] 0, 51701, 531317
[ 1918] 0, 186155, 531316
[ 1919] 0, 186154, 531315
[ 1920] 0, 179599, 531314
[ 1921] 0, 77808, 531313
[ 1922] 0, 186153, 531312
[ 1923] 0, 186152, 531311
[ 1924] 0, 124270, 531310
[ 1925] 0, 186151, 531309
[ 1926] 0, 186150, 531308
[ 1927] 0, 84553, 531307
[ 1928] 0, 665, 531306
[ 1929] 0, 63641, 531305
[ 1930] 0, 186149, 531304
[ 1931] 0, 100858, 531303
[ 1932] 0, 65365, 531302
[ 1933] 0, 76271, 531301
[ 1934] 0, 38603, 531300
[ 1935] 0, 152691, 531299
[ 1936] 0, 186148, 531298
[ 1937] 0, 9105, 529426
[ 1938] 0, 23528, 531297
[ 1939] 0, 186147, 531296
[ 1940] 0, 186146, 531295
[ 1941] 0, 186145, 531294
[ 1942] 0, 4620, 531293
[ 1943] 0, 45398, 531292
[ 1944] 0, 65826, 531291
[ 1945] 0, 1812, 531290
[ 1946] 0, 186144, 531289
[ 1947] 0, 186143, 531288
[ 1948] 0, 186142, 531286
[ 1949] 0, 62051, 531285
[ 1950] 0, 186141, 531284
[ 1951] 0, 186140, 531283
[ 1952] 0, 186139, 531282
[ 1953] 0, 186138, 531281
[ 1954] 0, 9610, 531280
[ 1955] 0, 389, 531279
[ 1956] 0, 20982, 531278
[ 1957] 0, 51695, 531277
[ 1958] 0, 175808, 531276
[ 1959] 0, 4818, 531275
[ 1960] 0, 186137, 531274
[ 1961] 0, 186136, 531273
[ 1962] 0, 186135, 531272
[ 1963] 0, 163525, 531271
[ 1964] 0, 20974, 531270
[ 1965] 0, 186134, 531269
[ 1966] 0, 186133, 531268
[ 1967] 0, 186132, 531267
[ 1968] 0, 140013, 531266
[ 1969] 0, 186131, 531265
[ 1970] 0, 186130, 531264
[ 1971] 0, 20960, 531262
[ 1972] 0, 186129, 531261
[ 1973] 0, 186128, 531260
[ 1974] 0, 2146, 531259
[ 1975] 0, 57209, 531258
[ 1976] 0, 186127, 531257
[ 1977] 0, 186126, 531256
[ 1978] 0, 186125, 531255
[ 1979] 0, 186124, 531254
[ 1980] 0, 2139, 531253
[ 1981] 0, 73280, 531252
[ 1982] 0, 186123, 531251
[ 1983] 0, 186122, 531250
[ 1984] 0, 186121, 531249
[ 1985] 0, 186120, 531248
[ 1986] 0, 186119, 531247
[ 1987] 0, 8453, 531246
[ 1988] 0, 159335, 531245
[ 1989] 0, 100799, 531244
[ 1990] 0, 75809, 531243
[ 1991] 0, 186118, 531242
[ 1992] 0, 10283, 531241
[ 1993] 0, 186117, 531240
[ 1994] 0, 75069, 531238
[ 1995] 0, 75068, 531237
[ 1996] 0, 186116, 531236
[ 1997] 0, 1262, 531235
[ 1998] 0, 1261, 531234
[ 1999] 0, 186115, 531233
LRU
---------------------------------------------
