
[node 1]
ram_reads = 26901
ram_writes = 1514511
ssd_reads = 0
ssd_writes = 0
hdd_reads = 0
hdd_writes = 0
cache_hits = 26901
cache_misses = 1514511
cache_replacements = 1513511

hit ratio = 1.75
cache status --------------------------------
MRU
[    0] 1, 256, 1513906
[    1] 1, 60850432, 1514510
[    2] 1, 120062242, 1514509
[    3] 1, 120062241, 1514508
[    4] 1, 120062240, 1514507
[    5] 1, 120062224, 1514506
[    6] 1, 120062209, 1514505
[    7] 1, 120062208, 1514504
[    8] 1, 117965090, 1514503
[    9] 1, 117965089, 1514502
[   10] 1, 117965088, 1514501
[   11] 1, 117965072, 1514500
[   12] 1, 117965057, 1514499
[   13] 1, 117965056, 1514498
[   14] 1, 117440802, 1514497
[   15] 1, 117440801, 1514496
[   16] 1, 117440800, 1514495
[   17] 1, 117440784, 1514494
[   18] 1, 117440769, 1514493
[   19] 1, 117440768, 1514492
[   20] 1, 116392226, 1514491
[   21] 1, 116392225, 1514490
[   22] 1, 116392224, 1514489
[   23] 1, 116392208, 1514488
[   24] 1, 116392193, 1514487
[   25] 1, 116392192, 1514486
[   26] 1, 115867938, 1514485
[   27] 1, 115867937, 1514484
[   28] 1, 115867936, 1514483
[   29] 1, 115867920, 1514482
[   30] 1, 115867905, 1514481
[   31] 1, 115867904, 1514480
[   32] 1, 113770786, 1514479
[   33] 1, 113770785, 1514478
[   34] 1, 113770784, 1514477
[   35] 1, 113770768, 1514476
[   36] 1, 113770753, 1514475
[   37] 1, 113770752, 1514474
[   38] 1, 113246498, 1514473
[   39] 1, 113246497, 1514472
[   40] 1, 113246496, 1514471
[   41] 1, 113246480, 1514470
[   42] 1, 113246465, 1514469
[   43] 1, 113246464, 1514468
[   44] 1, 112722211, 1514467
[   45] 1, 112722210, 1514466
[   46] 1, 112722209, 1514465
[   47] 1, 112722208, 1514464
[   48] 1, 112722192, 1514463
[   49] 1, 112722177, 1514462
[   50] 1, 112722176, 1514461
[   51] 1, 112197922, 1514460
[   52] 1, 112197921, 1514459
[   53] 1, 112197920, 1514458
[   54] 1, 112197904, 1514457
[   55] 1, 112197889, 1514456
[   56] 1, 112197888, 1514455
[   57] 1, 111673633, 1514454
[   58] 1, 111673632, 1514453
[   59] 1, 111673616, 1514452
[   60] 1, 111673601, 1514451
[   61] 1, 111673600, 1514450
[   62] 1, 111149346, 1514449
[   63] 1, 111149345, 1514448
[   64] 1, 111149344, 1514447
[   65] 1, 111149328, 1514446
[   66] 1, 111149313, 1514445
[   67] 1, 111149312, 1514444
[   68] 1, 110100752, 1514440
[   69] 1, 109576482, 1514437
[   70] 1, 109576481, 1514436
[   71] 1, 109576480, 1514435
[   72] 1, 110100770, 1514443
[   73] 1, 110100769, 1514442
[   74] 1, 110100768, 1514441
[   75] 1, 110100737, 1514439
[   76] 1, 110100736, 1514438
[   77] 1, 109576464, 1514434
[   78] 1, 109576449, 1514433
[   79] 1, 109576448, 1514432
[   80] 1, 106430753, 1514431
[   81] 1, 106430752, 1514430
[   82] 1, 106430736, 1514429
[   83] 1, 106430721, 1514428
[   84] 1, 106430720, 1514427
[   85] 1, 105382178, 1514426
[   86] 1, 105382177, 1514425
[   87] 1, 105382176, 1514424
[   88] 1, 105382160, 1514423
[   89] 1, 105382145, 1514422
[   90] 1, 105382144, 1514421
[   91] 1, 103809315, 1514420
[   92] 1, 103809314, 1514419
[   93] 1, 103809313, 1514418
[   94] 1, 103809312, 1514417
[   95] 1, 103809296, 1514416
[   96] 1, 103809281, 1514415
[   97] 1, 103809280, 1514414
[   98] 1, 103285026, 1514413
[   99] 1, 103285025, 1514412
[  100] 1, 103285024, 1514411
[  101] 1, 103285008, 1514410
[  102] 1, 103284993, 1514409
[  103] 1, 103284992, 1514408
[  104] 1, 102760738, 1514407
[  105] 1, 102760737, 1514406
[  106] 1, 102760736, 1514405
[  107] 1, 102760720, 1514404
[  108] 1, 102760705, 1514403
[  109] 1, 102760704, 1514402
[  110] 1, 99615010, 1514401
[  111] 1, 99615009, 1514400
[  112] 1, 99615008, 1514399
[  113] 1, 99614992, 1514398
[  114] 1, 99614977, 1514397
[  115] 1, 99614976, 1514396
[  116] 1, 98566434, 1514395
[  117] 1, 98566433, 1514394
[  118] 1, 98566432, 1514393
[  119] 1, 98566416, 1514392
[  120] 1, 98566401, 1514391
[  121] 1, 98566400, 1514390
[  122] 1, 98042147, 1514389
[  123] 1, 98042146, 1514388
[  124] 1, 98042145, 1514387
[  125] 1, 98042144, 1514386
[  126] 1, 98042128, 1514385
[  127] 1, 98042113, 1514384
[  128] 1, 98042112, 1514383
[  129] 1, 92799266, 1514382
[  130] 1, 92799265, 1514381
[  131] 1, 92799264, 1514380
[  132] 1, 92799248, 1514379
[  133] 1, 92799233, 1514378
[  134] 1, 92799232, 1514377
[  135] 1, 92274978, 1514376
[  136] 1, 92274977, 1514375
[  137] 1, 92274976, 1514374
[  138] 1, 92274960, 1514373
[  139] 1, 92274945, 1514372
[  140] 1, 92274944, 1514371
[  141] 1, 91750690, 1514370
[  142] 1, 91750689, 1514369
[  143] 1, 91750688, 1514368
[  144] 1, 91750672, 1514367
[  145] 1, 91750657, 1514366
[  146] 1, 91750656, 1514365
[  147] 1, 91226402, 1514364
[  148] 1, 91226401, 1514363
[  149] 1, 91226400, 1514362
[  150] 1, 91226384, 1514361
[  151] 1, 91226369, 1514360
[  152] 1, 91226368, 1514359
[  153] 1, 90702115, 1514358
[  154] 1, 90702114, 1514357
[  155] 1, 90702113, 1514356
[  156] 1, 90702112, 1514355
[  157] 1, 90702096, 1514354
[  158] 1, 90702081, 1514353
[  159] 1, 90702080, 1514352
[  160] 1, 90177826, 1514351
[  161] 1, 90177825, 1514350
[  162] 1, 90177824, 1514349
[  163] 1, 90177808, 1514348
[  164] 1, 90177793, 1514347
[  165] 1, 90177792, 1514346
[  166] 1, 89129250, 1514345
[  167] 1, 89129249, 1514344
[  168] 1, 89129248, 1514343
[  169] 1, 89129232, 1514342
[  170] 1, 89129217, 1514341
[  171] 1, 89129216, 1514340
[  172] 1, 84410659, 1514339
[  173] 1, 84410658, 1514338
[  174] 1, 84410657, 1514337
[  175] 1, 84410656, 1514336
[  176] 1, 84410640, 1514335
[  177] 1, 84410625, 1514334
[  178] 1, 84410624, 1514333
[  179] 1, 83886370, 1514332
[  180] 1, 83886369, 1514331
[  181] 1, 83886368, 1514330
[  182] 1, 83886352, 1514329
[  183] 1, 83886337, 1514328
[  184] 1, 83886336, 1514327
[  185] 1, 82837794, 1514326
[  186] 1, 82837793, 1514325
[  187] 1, 82837792, 1514324
[  188] 1, 82837776, 1514323
[  189] 1, 82837761, 1514322
[  190] 1, 82837760, 1514321
[  191] 1, 82313507, 1514320
[  192] 1, 82313506, 1514319
[  193] 1, 82313505, 1514318
[  194] 1, 82313504, 1514317
[  195] 1, 82313488, 1514316
[  196] 1, 82313473, 1514315
[  197] 1, 82313472, 1514314
[  198] 1, 81789218, 1514313
[  199] 1, 81789217, 1514312
[  200] 1, 81789216, 1514311
[  201] 1, 81789200, 1514310
[  202] 1, 81789185, 1514309
[  203] 1, 81789184, 1514308
[  204] 1, 81264931, 1514307
[  205] 1, 81264930, 1514306
[  206] 1, 81264929, 1514305
[  207] 1, 81264928, 1514304
[  208] 1, 81264912, 1514303
[  209] 1, 81264897, 1514302
[  210] 1, 81264896, 1514301
[  211] 1, 80740642, 1514300
[  212] 1, 80740641, 1514299
[  213] 1, 80740640, 1514298
[  214] 1, 80740624, 1514297
[  215] 1, 80740609, 1514296
[  216] 1, 80740608, 1514295
[  217] 1, 80216354, 1514294
[  218] 1, 80216353, 1514293
[  219] 1, 80216352, 1514292
[  220] 1, 80216336, 1514291
[  221] 1, 80216321, 1514290
[  222] 1, 80216320, 1514289
[  223] 1, 79692066, 1514288
[  224] 1, 79692065, 1514287
[  225] 1, 79692064, 1514286
[  226] 1, 79692048, 1514285
[  227] 1, 79692033, 1514284
[  228] 1, 79692032, 1514283
[  229] 1, 79167778, 1514282
[  230] 1, 79167777, 1514281
[  231] 1, 79167776, 1514280
[  232] 1, 79167760, 1514279
[  233] 1, 79167745, 1514278
[  234] 1, 79167744, 1514277
[  235] 1, 77070626, 1514276
[  236] 1, 77070625, 1514275
[  237] 1, 77070624, 1514274
[  238] 1, 77070608, 1514273
[  239] 1, 77070593, 1514272
[  240] 1, 77070592, 1514271
[  241] 1, 76022050, 1514270
[  242] 1, 76022049, 1514269
[  243] 1, 76022048, 1514268
[  244] 1, 76022032, 1514267
[  245] 1, 76022017, 1514266
[  246] 1, 76022016, 1514265
[  247] 1, 75497762, 1514264
[  248] 1, 75497761, 1514263
[  249] 1, 75497760, 1514262
[  250] 1, 75497744, 1514261
[  251] 1, 75497729, 1514260
[  252] 1, 75497728, 1514259
[  253] 1, 72352034, 1514258
[  254] 1, 72352033, 1514257
[  255] 1, 72352032, 1514256
[  256] 1, 72352016, 1514255
[  257] 1, 72352001, 1514254
[  258] 1, 72352000, 1514253
[  259] 1, 70779170, 1514252
[  260] 1, 70779169, 1514251
[  261] 1, 70779168, 1514250
[  262] 1, 70779152, 1514249
[  263] 1, 70779137, 1514248
[  264] 1, 70779136, 1514247
[  265] 1, 70254883, 1514246
[  266] 1, 70254882, 1514245
[  267] 1, 70254881, 1514244
[  268] 1, 70254880, 1514243
[  269] 1, 70254864, 1514242
[  270] 1, 70254849, 1514241
[  271] 1, 70254848, 1514240
[  272] 1, 68682018, 1514239
[  273] 1, 68682017, 1514238
[  274] 1, 68682016, 1514237
[  275] 1, 68682000, 1514236
[  276] 1, 68681985, 1514235
[  277] 1, 68681984, 1514234
[  278] 1, 67633442, 1514233
[  279] 1, 67633441, 1514232
[  280] 1, 67633440, 1514231
[  281] 1, 67633424, 1514230
[  282] 1, 67633409, 1514229
[  283] 1, 67633408, 1514228
[  284] 1, 65536290, 1514227
[  285] 1, 65536289, 1514226
[  286] 1, 65536288, 1514225
[  287] 1, 65536272, 1514224
[  288] 1, 65536257, 1514223
[  289] 1, 65536256, 1514222
[  290] 1, 62390562, 1514221
[  291] 1, 62390561, 1514220
[  292] 1, 62390560, 1514219
[  293] 1, 62390544, 1514218
[  294] 1, 62390529, 1514217
[  295] 1, 62390528, 1514216
[  296] 1, 61866274, 1514215
[  297] 1, 61866273, 1514214
[  298] 1, 61866272, 1514213
[  299] 1, 61866256, 1514212
[  300] 1, 61866241, 1514211
[  301] 1, 61866240, 1514210
[  302] 1, 61341986, 1514209
[  303] 1, 61341985, 1514208
[  304] 1, 61341984, 1514207
[  305] 1, 61341968, 1514206
[  306] 1, 61341953, 1514205
[  307] 1, 61341952, 1514204
[  308] 1, 58720546, 1514203
[  309] 1, 58720545, 1514202
[  310] 1, 58720544, 1514201
[  311] 1, 58720528, 1514200
[  312] 1, 58720513, 1514199
[  313] 1, 58720512, 1514198
[  314] 1, 57671970, 1514197
[  315] 1, 57671969, 1514196
[  316] 1, 57671968, 1514195
[  317] 1, 57671952, 1514194
[  318] 1, 57671937, 1514193
[  319] 1, 57671936, 1514192
[  320] 1, 57147682, 1514191
[  321] 1, 57147681, 1514190
[  322] 1, 57147680, 1514189
[  323] 1, 57147664, 1514188
[  324] 1, 57147649, 1514187
[  325] 1, 57147648, 1513229
[  326] 1, 56623394, 1514186
[  327] 1, 56623393, 1514185
[  328] 1, 56623392, 1514184
[  329] 1, 56623376, 1514183
[  330] 1, 56623361, 1514182
[  331] 1, 56623360, 1513235
[  332] 1, 56099107, 1514181
[  333] 1, 56099106, 1514180
[  334] 1, 56099105, 1514179
[  335] 1, 56099104, 1514178
[  336] 1, 56099088, 1514177
[  337] 1, 56099073, 1514176
[  338] 1, 56099072, 1514175
[  339] 1, 54526243, 1514174
[  340] 1, 54526242, 1514173
[  341] 1, 54526241, 1514172
[  342] 1, 54526240, 1514171
[  343] 1, 54526224, 1514170
[  344] 1, 54526209, 1514169
[  345] 1, 54526208, 1513248
[  346] 1, 54001954, 1514168
[  347] 1, 54001953, 1514167
[  348] 1, 54001952, 1514166
[  349] 1, 54001936, 1514165
[  350] 1, 54001921, 1514164
[  351] 1, 54001920, 1513236
[  352] 1, 52429090, 1514163
[  353] 1, 52429089, 1514162
[  354] 1, 52429088, 1514161
[  355] 1, 52429072, 1514160
[  356] 1, 52429057, 1514159
[  357] 1, 52429056, 1513232
[  358] 1, 50856226, 1514158
[  359] 1, 50856225, 1514157
[  360] 1, 50856224, 1514156
[  361] 1, 50856208, 1514155
[  362] 1, 50856193, 1514154
[  363] 1, 50856192, 1513171
[  364] 1, 50331939, 1514153
[  365] 1, 50331938, 1514152
[  366] 1, 50331937, 1514151
[  367] 1, 50331936, 1514150
[  368] 1, 50331920, 1514149
[  369] 1, 50331905, 1514148
[  370] 1, 50331904, 1513201
[  371] 1, 48234787, 1514147
[  372] 1, 48234786, 1514146
[  373] 1, 48234785, 1514145
[  374] 1, 48234784, 1514144
[  375] 1, 48234768, 1514143
[  376] 1, 48234753, 1514142
[  377] 1, 48234752, 1513203
[  378] 1, 47710498, 1514141
[  379] 1, 47710497, 1514140
[  380] 1, 47710496, 1514139
[  381] 1, 47710480, 1514138
[  382] 1, 47710465, 1514137
[  383] 1, 47710464, 1513239
[  384] 1, 46661922, 1514136
[  385] 1, 46661921, 1514135
[  386] 1, 46661920, 1514134
[  387] 1, 46661904, 1514133
[  388] 1, 46661889, 1514132
[  389] 1, 46661888, 1513167
[  390] 1, 46137634, 1514131
[  391] 1, 46137633, 1514130
[  392] 1, 46137632, 1514129
[  393] 1, 46137616, 1514128
[  394] 1, 46137601, 1514127
[  395] 1, 46137600, 1513220
[  396] 1, 45089058, 1514126
[  397] 1, 45089057, 1514125
[  398] 1, 45089056, 1514124
[  399] 1, 45089040, 1514123
[  400] 1, 45089025, 1514122
[  401] 1, 45089024, 1513163
[  402] 1, 44564771, 1514121
[  403] 1, 44564770, 1514120
[  404] 1, 44564769, 1514119
[  405] 1, 44564768, 1514118
[  406] 1, 44564752, 1514117
[  407] 1, 44564737, 1514116
[  408] 1, 44564736, 1513240
[  409] 1, 43516195, 1514115
[  410] 1, 43516194, 1514114
[  411] 1, 43516193, 1514113
[  412] 1, 43516192, 1514112
[  413] 1, 43516176, 1514111
[  414] 1, 43516161, 1514110
[  415] 1, 43516160, 1513192
[  416] 1, 42991906, 1514109
[  417] 1, 42991905, 1514108
[  418] 1, 42991904, 1514107
[  419] 1, 42991888, 1514106
[  420] 1, 42991873, 1514105
[  421] 1, 42991872, 1513169
[  422] 1, 41943330, 1514104
[  423] 1, 41943329, 1514103
[  424] 1, 41943328, 1514102
[  425] 1, 41943312, 1514101
[  426] 1, 41943297, 1514100
[  427] 1, 41943296, 1513231
[  428] 1, 40370466, 1514099
[  429] 1, 40370465, 1514098
[  430] 1, 40370464, 1514097
[  431] 1, 40370448, 1514096
[  432] 1, 40370433, 1514095
[  433] 1, 40370432, 1513199
[  434] 1, 38273314, 1514094
[  435] 1, 38273313, 1514093
[  436] 1, 38273312, 1514092
[  437] 1, 38273296, 1514091
[  438] 1, 38273281, 1514090
[  439] 1, 38273280, 1513234
[  440] 1, 37749026, 1514089
[  441] 1, 37749025, 1514088
[  442] 1, 37749024, 1514087
[  443] 1, 37749008, 1514086
[  444] 1, 37748993, 1514085
[  445] 1, 37748992, 1513151
[  446] 1, 37224738, 1514084
[  447] 1, 37224737, 1514083
[  448] 1, 37224736, 1514082
[  449] 1, 37224720, 1514081
[  450] 1, 37224705, 1514080
[  451] 1, 37224704, 1513164
[  452] 1, 36176163, 1514079
[  453] 1, 36176162, 1514078
[  454] 1, 36176161, 1514077
[  455] 1, 36176160, 1514076
[  456] 1, 36176144, 1514075
[  457] 1, 36176129, 1514074
[  458] 1, 36176128, 1513187
[  459] 1, 33030434, 1514073
[  460] 1, 33030433, 1514072
[  461] 1, 33030432, 1514071
[  462] 1, 33030416, 1514070
[  463] 1, 33030401, 1514069
[  464] 1, 33030400, 1513173
[  465] 1, 31457570, 1514068
[  466] 1, 31457569, 1514067
[  467] 1, 31457568, 1514066
[  468] 1, 31457552, 1514065
[  469] 1, 31457537, 1514064
[  470] 1, 31457536, 1513227
[  471] 1, 30933282, 1514063
[  472] 1, 30933281, 1514062
[  473] 1, 30933280, 1514061
[  474] 1, 30933264, 1514060
[  475] 1, 30933249, 1514059
[  476] 1, 30933248, 1513186
[  477] 1, 30408995, 1514058
[  478] 1, 30408994, 1514057
[  479] 1, 30408993, 1514056
[  480] 1, 30408992, 1514055
[  481] 1, 30408976, 1514054
[  482] 1, 30408961, 1514053
[  483] 1, 30408960, 1513168
[  484] 1, 29884706, 1514052
[  485] 1, 29884705, 1514051
[  486] 1, 29884704, 1514050
[  487] 1, 29884688, 1514049
[  488] 1, 29884673, 1514048
[  489] 1, 29884672, 1513155
[  490] 1, 27787554, 1514047
[  491] 1, 27787553, 1514046
[  492] 1, 27787552, 1514045
[  493] 1, 27787536, 1514044
[  494] 1, 27787521, 1514043
[  495] 1, 27787520, 1513216
[  496] 1, 27263267, 1514042
[  497] 1, 27263266, 1514041
[  498] 1, 27263265, 1514040
[  499] 1, 27263264, 1514039
[  500] 1, 27263248, 1514038
[  501] 1, 27263233, 1514037
[  502] 1, 27263232, 1513211
[  503] 1, 25166115, 1514036
[  504] 1, 25166114, 1514035
[  505] 1, 25166113, 1514034
[  506] 1, 25166112, 1514033
[  507] 1, 25166096, 1514032
[  508] 1, 25166081, 1514031
[  509] 1, 25166080, 1513179
[  510] 1, 24641826, 1514030
[  511] 1, 24641825, 1514029
[  512] 1, 24641824, 1514028
[  513] 1, 24641808, 1514027
[  514] 1, 24641793, 1514026
[  515] 1, 24641792, 1513242
[  516] 1, 24117539, 1514025
[  517] 1, 24117538, 1514024
[  518] 1, 24117537, 1514023
[  519] 1, 24117536, 1514022
[  520] 1, 24117520, 1514021
[  521] 1, 24117505, 1514020
[  522] 1, 24117504, 1513181
[  523] 1, 23068962, 1514019
[  524] 1, 23068961, 1514018
[  525] 1, 23068960, 1514017
[  526] 1, 23068944, 1514016
[  527] 1, 23068929, 1514015
[  528] 1, 23068928, 1513241
[  529] 1, 22544674, 1514014
[  530] 1, 22544673, 1514013
[  531] 1, 22544672, 1514012
[  532] 1, 22544656, 1514011
[  533] 1, 22544641, 1514010
[  534] 1, 22544640, 1513209
[  535] 1, 21496098, 1514009
[  536] 1, 21496097, 1514008
[  537] 1, 21496096, 1514007
[  538] 1, 21496080, 1514006
[  539] 1, 21496065, 1514005
[  540] 1, 21496064, 1513233
[  541] 1, 20971810, 1514004
[  542] 1, 20971809, 1514003
[  543] 1, 20971808, 1514002
[  544] 1, 20971792, 1514001
[  545] 1, 20971777, 1514000
[  546] 1, 20971776, 1513200
[  547] 1, 19923235, 1513999
[  548] 1, 19923234, 1513998
[  549] 1, 19923233, 1513997
[  550] 1, 19923232, 1513996
[  551] 1, 19923216, 1513995
[  552] 1, 19923201, 1513994
[  553] 1, 19923200, 1513228
[  554] 1, 16777506, 1513993
[  555] 1, 16777505, 1513992
[  556] 1, 16777504, 1513991
[  557] 1, 16777488, 1513990
[  558] 1, 16777473, 1513989
[  559] 1, 16777472, 1513174
[  560] 1, 15728930, 1513988
[  561] 1, 15728929, 1513987
[  562] 1, 15728928, 1513986
[  563] 1, 15728912, 1513985
[  564] 1, 15728897, 1513984
[  565] 1, 15728896, 1513244
[  566] 1, 14680355, 1513983
[  567] 1, 14680354, 1513982
[  568] 1, 14680353, 1513981
[  569] 1, 14680352, 1513980
[  570] 1, 14680336, 1513979
[  571] 1, 14680321, 1513978
[  572] 1, 14680320, 1513197
[  573] 1, 12058914, 1513977
[  574] 1, 12058913, 1513976
[  575] 1, 12058912, 1513975
[  576] 1, 12058896, 1513974
[  577] 1, 12058881, 1513973
[  578] 1, 12058880, 1513206
[  579] 1, 11534626, 1513972
[  580] 1, 11534625, 1513971
[  581] 1, 11534624, 1513970
[  582] 1, 11534608, 1513969
[  583] 1, 11534593, 1513968
[  584] 1, 11534592, 1513159
[  585] 1, 9961762, 1513967
[  586] 1, 9961761, 1513966
[  587] 1, 9961760, 1513965
[  588] 1, 9961744, 1513964
[  589] 1, 9961729, 1513963
[  590] 1, 9961728, 1513225
[  591] 1, 7340324, 1513962
[  592] 1, 7340323, 1513961
[  593] 1, 7340322, 1513960
[  594] 1, 7340321, 1513959
[  595] 1, 7340320, 1513958
[  596] 1, 7340304, 1513957
[  597] 1, 7340289, 1513956
[  598] 1, 7340288, 1513185
[  599] 1, 4194594, 1513955
[  600] 1, 4194593, 1513954
[  601] 1, 4194592, 1513953
[  602] 1, 4194576, 1513952
[  603] 1, 4194561, 1513951
[  604] 1, 4194560, 1513212
[  605] 1, 3146018, 1513950
[  606] 1, 3146017, 1513949
[  607] 1, 3146016, 1513948
[  608] 1, 3146000, 1513947
[  609] 1, 3145985, 1513946
[  610] 1, 3145984, 1513166
[  611] 1, 2097442, 1513945
[  612] 1, 2097441, 1513944
[  613] 1, 2097440, 1513943
[  614] 1, 2097424, 1513942
[  615] 1, 2097409, 1513941
[  616] 1, 2097408, 1513204
[  617] 1, 1048866, 1513940
[  618] 1, 1048865, 1513939
[  619] 1, 1048864, 1513938
[  620] 1, 1048848, 1513937
[  621] 1, 1048833, 1513936
[  622] 1, 1048832, 1513175
[  623] 1, 9505, 1513147
[  624] 1, 1313, 1513148
[  625] 1, 285, 1513935
[  626] 1, 284, 1513934
[  627] 1, 283, 1513933
[  628] 1, 282, 1513932
[  629] 1, 281, 1513931
[  630] 1, 280, 1513930
[  631] 1, 279, 1513929
[  632] 1, 278, 1513928
[  633] 1, 277, 1513927
[  634] 1, 276, 1513926
[  635] 1, 275, 1513925
[  636] 1, 274, 1513924
[  637] 1, 273, 1513923
[  638] 1, 272, 1513922
[  639] 1, 271, 1513921
[  640] 1, 270, 1513920
[  641] 1, 269, 1513919
[  642] 1, 268, 1513918
[  643] 1, 267, 1513917
[  644] 1, 266, 1513916
[  645] 1, 265, 1513915
[  646] 1, 264, 1513914
[  647] 1, 263, 1513913
[  648] 1, 262, 1513912
[  649] 1, 261, 1513911
[  650] 1, 260, 1513910
[  651] 1, 259, 1513909
[  652] 1, 258, 1513908
[  653] 1, 257, 1513907
[  654] 1, 60877105, 1513905
[  655] 1, 60877104, 1513904
[  656] 1, 60877103, 1513903
[  657] 1, 60877102, 1513902
[  658] 1, 60877101, 1513901
[  659] 1, 60877100, 1513900
[  660] 1, 60877099, 1513899
[  661] 1, 60877098, 1513898
[  662] 1, 60877097, 1513897
[  663] 1, 60877096, 1513896
[  664] 1, 60877095, 1513895
[  665] 1, 60877094, 1513894
[  666] 1, 60877093, 1513893
[  667] 1, 60877092, 1513892
[  668] 1, 60877091, 1513891
[  669] 1, 60877090, 1513890
[  670] 1, 60877089, 1513889
[  671] 1, 60877088, 1513888
[  672] 1, 60877087, 1513887
[  673] 1, 60877086, 1513886
[  674] 1, 60877085, 1513885
[  675] 1, 60877084, 1513884
[  676] 1, 60877083, 1513883
[  677] 1, 60877082, 1513882
[  678] 1, 60877081, 1513881
[  679] 1, 60877080, 1513880
[  680] 1, 60877079, 1513879
[  681] 1, 60877078, 1513878
[  682] 1, 60877077, 1513877
[  683] 1, 60877076, 1513876
[  684] 1, 60877075, 1513875
[  685] 1, 60877074, 1513874
[  686] 1, 60877073, 1513873
[  687] 1, 60877072, 1513872
[  688] 1, 60877071, 1513871
[  689] 1, 60877070, 1513870
[  690] 1, 60877069, 1513869
[  691] 1, 60877068, 1513868
[  692] 1, 60877067, 1513867
[  693] 1, 60877066, 1513866
[  694] 1, 60877065, 1513865
[  695] 1, 60877064, 1513864
[  696] 1, 60877063, 1513863
[  697] 1, 60877062, 1513862
[  698] 1, 60877061, 1513861
[  699] 1, 60877060, 1513860
[  700] 1, 60877059, 1513859
[  701] 1, 60877058, 1513858
[  702] 1, 60877057, 1513857
[  703] 1, 60877056, 1513856
[  704] 1, 60877055, 1513855
[  705] 1, 60877054, 1513854
[  706] 1, 60877053, 1513853
[  707] 1, 60877052, 1513852
[  708] 1, 60877051, 1513851
[  709] 1, 60877050, 1513850
[  710] 1, 60877049, 1513849
[  711] 1, 60877048, 1513848
[  712] 1, 60877047, 1513847
[  713] 1, 60877046, 1513846
[  714] 1, 60877045, 1513845
[  715] 1, 60877044, 1513844
[  716] 1, 60877043, 1513843
[  717] 1, 60877042, 1513842
[  718] 1, 60877041, 1513841
[  719] 1, 60877040, 1513840
[  720] 1, 60877039, 1513839
[  721] 1, 60877038, 1513838
[  722] 1, 60877037, 1513837
[  723] 1, 60877036, 1513836
[  724] 1, 60877035, 1513835
[  725] 1, 60877034, 1513834
[  726] 1, 60877033, 1513833
[  727] 1, 60877032, 1513832
[  728] 1, 60877031, 1513831
[  729] 1, 60877030, 1513830
[  730] 1, 60877029, 1513829
[  731] 1, 60877028, 1513828
[  732] 1, 60877027, 1513827
[  733] 1, 60877026, 1513826
[  734] 1, 60877025, 1513825
[  735] 1, 60877024, 1513824
[  736] 1, 60877023, 1513823
[  737] 1, 60877022, 1513822
[  738] 1, 60877021, 1513821
[  739] 1, 60877020, 1513820
[  740] 1, 60877019, 1513819
[  741] 1, 60877018, 1513818
[  742] 1, 60877017, 1513817
[  743] 1, 60877016, 1513816
[  744] 1, 60877015, 1513815
[  745] 1, 60877014, 1513814
[  746] 1, 60877013, 1513813
[  747] 1, 60877012, 1513812
[  748] 1, 60877011, 1513811
[  749] 1, 60877010, 1513810
[  750] 1, 60877009, 1513809
[  751] 1, 60877008, 1513808
[  752] 1, 60877007, 1513807
[  753] 1, 60877006, 1513806
[  754] 1, 60877005, 1513805
[  755] 1, 60877004, 1513804
[  756] 1, 60877003, 1513803
[  757] 1, 60877002, 1513802
[  758] 1, 60877001, 1513801
[  759] 1, 60877000, 1513800
[  760] 1, 60876999, 1513799
[  761] 1, 60876998, 1513798
[  762] 1, 60876997, 1513797
[  763] 1, 60876996, 1513796
[  764] 1, 60876995, 1513795
[  765] 1, 60876994, 1513794
[  766] 1, 60876993, 1513793
[  767] 1, 60876992, 1513792
[  768] 1, 60876991, 1513791
[  769] 1, 60876990, 1513790
[  770] 1, 60876989, 1513789
[  771] 1, 60876988, 1513788
[  772] 1, 60876987, 1513787
[  773] 1, 60876986, 1513786
[  774] 1, 60876985, 1513785
[  775] 1, 60876984, 1513784
[  776] 1, 60876983, 1513783
[  777] 1, 60876982, 1513782
[  778] 1, 60876981, 1513781
[  779] 1, 60876980, 1513780
[  780] 1, 60876979, 1513779
[  781] 1, 60876978, 1513778
[  782] 1, 60876977, 1513777
[  783] 1, 60876976, 1513776
[  784] 1, 60876975, 1513775
[  785] 1, 60876974, 1513774
[  786] 1, 60876973, 1513773
[  787] 1, 60876972, 1513772
[  788] 1, 60876971, 1513771
[  789] 1, 60876970, 1513770
[  790] 1, 60876969, 1513769
[  791] 1, 60876968, 1513768
[  792] 1, 60876967, 1513767
[  793] 1, 60876966, 1513766
[  794] 1, 60876965, 1513765
[  795] 1, 60876964, 1513764
[  796] 1, 60876963, 1513763
[  797] 1, 60876962, 1513762
[  798] 1, 60876961, 1513761
[  799] 1, 60876960, 1513760
[  800] 1, 60876959, 1513759
[  801] 1, 60876958, 1513758
[  802] 1, 60876957, 1513757
[  803] 1, 60876956, 1513756
[  804] 1, 60876955, 1513755
[  805] 1, 60876954, 1513754
[  806] 1, 60876953, 1513753
[  807] 1, 60876952, 1513752
[  808] 1, 60876951, 1513751
[  809] 1, 60876950, 1513750
[  810] 1, 60876949, 1513749
[  811] 1, 60876948, 1513748
[  812] 1, 60876947, 1513747
[  813] 1, 60876946, 1513746
[  814] 1, 60876945, 1513745
[  815] 1, 60876944, 1513744
[  816] 1, 60876943, 1513743
[  817] 1, 60876942, 1513742
[  818] 1, 60876941, 1513741
[  819] 1, 60876940, 1513740
[  820] 1, 60876939, 1513739
[  821] 1, 60876938, 1513738
[  822] 1, 60876937, 1513737
[  823] 1, 60876936, 1513736
[  824] 1, 60876935, 1513735
[  825] 1, 60876934, 1513734
[  826] 1, 60876933, 1513733
[  827] 1, 60876932, 1513732
[  828] 1, 60876931, 1513731
[  829] 1, 60876930, 1513730
[  830] 1, 60876929, 1513729
[  831] 1, 60876928, 1513728
[  832] 1, 60876927, 1513727
[  833] 1, 60876926, 1513726
[  834] 1, 60876925, 1513725
[  835] 1, 60876924, 1513724
[  836] 1, 60876923, 1513723
[  837] 1, 60876922, 1513722
[  838] 1, 60876921, 1513721
[  839] 1, 60876920, 1513720
[  840] 1, 60876919, 1513719
[  841] 1, 60876918, 1513718
[  842] 1, 60876917, 1513717
[  843] 1, 60876916, 1513716
[  844] 1, 60876915, 1513715
[  845] 1, 60876914, 1513714
[  846] 1, 60876913, 1513713
[  847] 1, 60876912, 1513712
[  848] 1, 60876911, 1513711
[  849] 1, 60876910, 1513710
[  850] 1, 60876909, 1513709
[  851] 1, 60876908, 1513708
[  852] 1, 60876907, 1513707
[  853] 1, 60876906, 1513706
[  854] 1, 60876905, 1513705
[  855] 1, 60876904, 1513704
[  856] 1, 60876903, 1513703
[  857] 1, 60876902, 1513702
[  858] 1, 60876901, 1513701
[  859] 1, 60876900, 1513700
[  860] 1, 60876899, 1513699
[  861] 1, 60876898, 1513698
[  862] 1, 60876897, 1513697
[  863] 1, 60876896, 1513696
[  864] 1, 60876895, 1513695
[  865] 1, 60876894, 1513694
[  866] 1, 60876893, 1513693
[  867] 1, 60876892, 1513692
[  868] 1, 60876891, 1513691
[  869] 1, 60876890, 1513690
[  870] 1, 60876889, 1513689
[  871] 1, 60876888, 1513688
[  872] 1, 60876887, 1513687
[  873] 1, 60876886, 1513686
[  874] 1, 60876885, 1513685
[  875] 1, 60876884, 1513684
[  876] 1, 60876883, 1513683
[  877] 1, 60876882, 1513682
[  878] 1, 60876881, 1513681
[  879] 1, 60876880, 1513680
[  880] 1, 60876879, 1513679
[  881] 1, 60876878, 1513678
[  882] 1, 60876877, 1513677
[  883] 1, 60876876, 1513676
[  884] 1, 60876875, 1513675
[  885] 1, 60876874, 1513674
[  886] 1, 60876873, 1513673
[  887] 1, 60876872, 1513672
[  888] 1, 60876871, 1513671
[  889] 1, 60876870, 1513670
[  890] 1, 60876869, 1513669
[  891] 1, 60876868, 1513668
[  892] 1, 60876867, 1513667
[  893] 1, 60876866, 1513666
[  894] 1, 60876865, 1513665
[  895] 1, 60876864, 1513664
[  896] 1, 60876863, 1513663
[  897] 1, 60876862, 1513662
[  898] 1, 60876861, 1513661
[  899] 1, 60876860, 1513660
[  900] 1, 60876859, 1513659
[  901] 1, 60876858, 1513658
[  902] 1, 60876857, 1513657
[  903] 1, 60876856, 1513656
[  904] 1, 60876855, 1513655
[  905] 1, 60876854, 1513654
[  906] 1, 60876853, 1513653
[  907] 1, 60876852, 1513652
[  908] 1, 60876851, 1513651
[  909] 1, 60876850, 1513650
[  910] 1, 60876849, 1513649
[  911] 1, 60876848, 1513648
[  912] 1, 60876847, 1513647
[  913] 1, 60876846, 1513646
[  914] 1, 60876845, 1513645
[  915] 1, 60876844, 1513644
[  916] 1, 60876843, 1513643
[  917] 1, 60876842, 1513642
[  918] 1, 60876841, 1513641
[  919] 1, 60876840, 1513640
[  920] 1, 60876839, 1513639
[  921] 1, 60876838, 1513638
[  922] 1, 60876837, 1513637
[  923] 1, 60876836, 1513636
[  924] 1, 60876835, 1513635
[  925] 1, 60876834, 1513634
[  926] 1, 60876833, 1513633
[  927] 1, 60876832, 1513632
[  928] 1, 60876831, 1513631
[  929] 1, 60876830, 1513630
[  930] 1, 60876829, 1513629
[  931] 1, 60876828, 1513628
[  932] 1, 60876827, 1513627
[  933] 1, 60876826, 1513626
[  934] 1, 60876825, 1513625
[  935] 1, 60876824, 1513624
[  936] 1, 60876823, 1513623
[  937] 1, 60876822, 1513622
[  938] 1, 60876821, 1513621
[  939] 1, 60876820, 1513620
[  940] 1, 60876819, 1513619
[  941] 1, 60876818, 1513618
[  942] 1, 60876817, 1513617
[  943] 1, 60876816, 1513616
[  944] 1, 60876815, 1513615
[  945] 1, 60876814, 1513614
[  946] 1, 60876813, 1513613
[  947] 1, 60876812, 1513612
[  948] 1, 60876811, 1513611
[  949] 1, 60876810, 1513610
[  950] 1, 60876809, 1513609
[  951] 1, 60876808, 1513608
[  952] 1, 60876807, 1513607
[  953] 1, 60876806, 1513606
[  954] 1, 60876805, 1513605
[  955] 1, 60876804, 1513604
[  956] 1, 60876803, 1513603
[  957] 1, 60876802, 1513602
[  958] 1, 60876801, 1513601
[  959] 1, 60876800, 1513600
[  960] 1, 60876799, 1513599
[  961] 1, 60876798, 1513598
[  962] 1, 60876797, 1513597
[  963] 1, 60876796, 1513596
[  964] 1, 60876795, 1513595
[  965] 1, 60876794, 1513594
[  966] 1, 60876793, 1513593
[  967] 1, 60876792, 1513592
[  968] 1, 60876791, 1513591
[  969] 1, 60876790, 1513590
[  970] 1, 60876789, 1513589
[  971] 1, 60876788, 1513588
[  972] 1, 60876787, 1513587
[  973] 1, 60876786, 1513586
[  974] 1, 60876785, 1513585
[  975] 1, 60876784, 1513584
[  976] 1, 60876783, 1513583
[  977] 1, 60876782, 1513582
[  978] 1, 60876781, 1513581
[  979] 1, 60876780, 1513580
[  980] 1, 60876779, 1513579
[  981] 1, 60876778, 1513578
[  982] 1, 60876777, 1513577
[  983] 1, 60876776, 1513576
[  984] 1, 60876775, 1513575
[  985] 1, 60876774, 1513574
[  986] 1, 60876773, 1513573
[  987] 1, 60876772, 1513572
[  988] 1, 60876771, 1513571
[  989] 1, 60876770, 1513570
[  990] 1, 60876769, 1513569
[  991] 1, 60876768, 1513568
[  992] 1, 60876767, 1513567
[  993] 1, 60876766, 1513566
[  994] 1, 60876765, 1513565
[  995] 1, 60876764, 1513564
[  996] 1, 60876763, 1513563
[  997] 1, 60876762, 1513562
[  998] 1, 60876761, 1513561
[  999] 1, 60876760, 1513560
LRU
---------------------------------------------

[node 0]
ram_reads = 1107869
ram_writes = 1515162
ssd_reads = 0
ssd_writes = 0
hdd_reads = 1515162
hdd_writes = 1108208
cache_hits = 1107869
cache_misses = 1515162
cache_replacements = 1513162

hit ratio = 42.24
cache status --------------------------------
MRU
[    0] 0, 60850432, 1515161
[    1] 1, 60876759, 1514263
[    2] 0, 120062242, 1515160
[    3] 1, 60876758, 1514262
[    4] 0, 120062241, 1515159
[    5] 1, 60876757, 1514261
[    6] 0, 120062240, 1515158
[    7] 1, 60876756, 1514260
[    8] 0, 120062224, 1515157
[    9] 1, 60876755, 1514259
[   10] 0, 120062209, 1515156
[   11] 1, 60876754, 1514258
[   12] 0, 120062208, 1513900
[   13] 1, 60876753, 1514257
[   14] 0, 117965090, 1515155
[   15] 1, 60876752, 1514256
[   16] 0, 117965089, 1515154
[   17] 1, 60876751, 1514255
[   18] 0, 117965088, 1515153
[   19] 1, 60876750, 1514254
[   20] 0, 117965072, 1515152
[   21] 1, 60876749, 1514253
[   22] 0, 117965057, 1515151
[   23] 1, 60876748, 1514252
[   24] 0, 117965056, 1513882
[   25] 1, 60876747, 1514251
[   26] 0, 117440802, 1515150
[   27] 1, 60876746, 1514250
[   28] 0, 117440801, 1515149
[   29] 1, 60876745, 1514249
[   30] 0, 117440800, 1515148
[   31] 1, 60876744, 1514248
[   32] 0, 117440784, 1515147
[   33] 1, 60876743, 1514247
[   34] 0, 117440769, 1515146
[   35] 1, 60876742, 1514246
[   36] 0, 117440768, 1513893
[   37] 1, 60876741, 1514245
[   38] 0, 116392226, 1515145
[   39] 1, 60876740, 1514244
[   40] 0, 116392225, 1515144
[   41] 1, 60876739, 1514243
[   42] 0, 116392224, 1515143
[   43] 1, 60876738, 1514242
[   44] 0, 116392208, 1515142
[   45] 1, 60876737, 1514241
[   46] 0, 116392193, 1515141
[   47] 1, 60876736, 1514240
[   48] 0, 116392192, 1513951
[   49] 1, 60876735, 1514239
[   50] 0, 115867938, 1515140
[   51] 1, 60876734, 1514238
[   52] 0, 115867937, 1515139
[   53] 1, 60876733, 1514237
[   54] 0, 115867936, 1515138
[   55] 1, 60876732, 1514236
[   56] 0, 115867920, 1515137
[   57] 1, 60876731, 1514235
[   58] 0, 115867905, 1515136
[   59] 1, 60876730, 1514234
[   60] 0, 115867904, 1513911
[   61] 1, 60876729, 1514233
[   62] 0, 113770786, 1515135
[   63] 1, 60876728, 1514232
[   64] 0, 113770785, 1515134
[   65] 1, 60876727, 1514231
[   66] 0, 113770784, 1515133
[   67] 1, 60876726, 1514230
[   68] 0, 113770768, 1515132
[   69] 1, 60876725, 1514229
[   70] 0, 113770753, 1515131
[   71] 1, 60876724, 1514228
[   72] 0, 113770752, 1513876
[   73] 1, 60876723, 1514227
[   74] 0, 113246498, 1515130
[   75] 1, 60876722, 1514226
[   76] 0, 113246497, 1515129
[   77] 1, 60876721, 1514225
[   78] 0, 113246496, 1515128
[   79] 1, 60876720, 1514224
[   80] 0, 113246480, 1515127
[   81] 1, 60876719, 1514223
[   82] 0, 113246465, 1515126
[   83] 1, 60876718, 1514222
[   84] 0, 113246464, 1513865
[   85] 1, 60876717, 1514221
[   86] 0, 112722211, 1515125
[   87] 1, 60876716, 1514220
[   88] 0, 112722210, 1515124
[   89] 1, 60876715, 1514219
[   90] 0, 112722209, 1515123
[   91] 1, 60876714, 1514218
[   92] 0, 112722208, 1515122
[   93] 1, 60876713, 1514217
[   94] 0, 112722192, 1515121
[   95] 1, 60876712, 1514216
[   96] 0, 112722177, 1515120
[   97] 1, 60876711, 1514215
[   98] 0, 112722176, 1513925
[   99] 1, 60876710, 1514214
[  100] 0, 112197922, 1515119
[  101] 1, 60876709, 1514213
[  102] 0, 112197921, 1515118
[  103] 1, 60876708, 1514212
[  104] 0, 112197920, 1515117
[  105] 1, 60876707, 1514211
[  106] 0, 112197904, 1515116
[  107] 1, 60876706, 1514210
[  108] 0, 112197889, 1515115
[  109] 1, 60876705, 1514209
[  110] 0, 112197888, 1513902
[  111] 1, 60876704, 1514208
[  112] 0, 111673633, 1515114
[  113] 1, 60876703, 1514207
[  114] 0, 111673632, 1515113
[  115] 1, 60876702, 1514206
[  116] 0, 111673616, 1515112
[  117] 1, 60876701, 1514205
[  118] 0, 111673601, 1515111
[  119] 1, 60876700, 1514204
[  120] 0, 111673600, 1513884
[  121] 1, 60876699, 1514203
[  122] 0, 111149346, 1515110
[  123] 1, 60876698, 1514202
[  124] 0, 111149345, 1515109
[  125] 1, 60876697, 1514201
[  126] 0, 111149344, 1515108
[  127] 1, 60876696, 1514200
[  128] 0, 111149328, 1515107
[  129] 1, 60876695, 1514199
[  130] 0, 111149313, 1515106
[  131] 1, 60876694, 1514198
[  132] 0, 111149312, 1513862
[  133] 1, 60876693, 1514197
[  134] 0, 110100770, 1515105
[  135] 1, 60876692, 1514196
[  136] 0, 110100769, 1515104
[  137] 1, 60876691, 1514195
[  138] 0, 110100768, 1515103
[  139] 1, 60876690, 1514194
[  140] 0, 110100752, 1515102
[  141] 1, 60876689, 1514193
[  142] 0, 110100737, 1515101
[  143] 1, 60876688, 1514192
[  144] 0, 110100736, 1513869
[  145] 1, 60876687, 1514191
[  146] 0, 109576482, 1515100
[  147] 1, 60876686, 1514190
[  148] 0, 109576481, 1515099
[  149] 1, 60876685, 1514189
[  150] 0, 109576480, 1515098
[  151] 1, 60876684, 1514188
[  152] 0, 109576464, 1515097
[  153] 1, 60876683, 1514187
[  154] 0, 109576449, 1515096
[  155] 1, 60876682, 1514186
[  156] 0, 109576448, 1513927
[  157] 1, 60876681, 1514185
[  158] 0, 106430753, 1515095
[  159] 1, 60876680, 1514184
[  160] 0, 106430752, 1515094
[  161] 1, 60876679, 1514183
[  162] 0, 106430736, 1515093
[  163] 1, 60876678, 1514182
[  164] 0, 106430721, 1515092
[  165] 1, 60876677, 1514181
[  166] 0, 106430720, 1513880
[  167] 1, 60876676, 1514180
[  168] 0, 105382178, 1515091
[  169] 1, 60876675, 1514179
[  170] 0, 105382177, 1515090
[  171] 1, 60876674, 1514178
[  172] 0, 105382176, 1515089
[  173] 1, 60876673, 1514177
[  174] 0, 105382160, 1515088
[  175] 1, 60876672, 1514176
[  176] 0, 105382145, 1515087
[  177] 1, 60876671, 1514175
[  178] 0, 105382144, 1513887
[  179] 1, 60876670, 1514174
[  180] 0, 103809315, 1515086
[  181] 1, 60876669, 1514173
[  182] 0, 103809314, 1515085
[  183] 1, 60876668, 1514172
[  184] 0, 103809313, 1515084
[  185] 1, 60876667, 1514171
[  186] 0, 103809312, 1515083
[  187] 1, 60876666, 1514170
[  188] 0, 103809296, 1515082
[  189] 1, 60876665, 1514169
[  190] 0, 103809281, 1515081
[  191] 1, 60876664, 1514168
[  192] 0, 103809280, 1513928
[  193] 1, 60876663, 1514167
[  194] 0, 103285026, 1515080
[  195] 1, 60876662, 1514166
[  196] 0, 103285025, 1515079
[  197] 1, 60876661, 1514165
[  198] 0, 103285024, 1515078
[  199] 1, 60876660, 1514164
[  200] 0, 103285008, 1515077
[  201] 1, 60876659, 1514163
[  202] 0, 103284993, 1515076
[  203] 1, 60876658, 1514162
[  204] 0, 103284992, 1513860
[  205] 1, 60876657, 1514161
[  206] 0, 102760738, 1515075
[  207] 1, 60876656, 1514160
[  208] 0, 102760737, 1515074
[  209] 1, 60876655, 1514159
[  210] 0, 102760736, 1515073
[  211] 1, 60876654, 1514158
[  212] 0, 102760720, 1515072
[  213] 1, 60876653, 1514157
[  214] 0, 102760705, 1515071
[  215] 1, 60876652, 1514156
[  216] 0, 102760704, 1513923
[  217] 1, 60876651, 1514155
[  218] 0, 99615010, 1515070
[  219] 1, 60876650, 1514154
[  220] 0, 99615009, 1515069
[  221] 1, 60876649, 1514153
[  222] 0, 99615008, 1515068
[  223] 1, 60876648, 1514152
[  224] 0, 99614992, 1515067
[  225] 1, 60876647, 1514151
[  226] 0, 99614977, 1515066
[  227] 1, 60876646, 1514150
[  228] 0, 99614976, 1513898
[  229] 1, 60876645, 1514149
[  230] 0, 98566434, 1515065
[  231] 1, 60876644, 1514148
[  232] 0, 98566433, 1515064
[  233] 1, 60876643, 1514147
[  234] 0, 98566432, 1515063
[  235] 1, 60876642, 1514146
[  236] 0, 98566416, 1515062
[  237] 1, 60876641, 1514145
[  238] 0, 98566401, 1515061
[  239] 1, 60876640, 1514144
[  240] 0, 98566400, 1513941
[  241] 1, 60876639, 1514143
[  242] 0, 98042147, 1515060
[  243] 1, 60876638, 1514142
[  244] 0, 98042146, 1515059
[  245] 1, 60876637, 1514141
[  246] 0, 98042145, 1515058
[  247] 1, 60876636, 1514140
[  248] 0, 98042144, 1515057
[  249] 1, 60876635, 1514139
[  250] 0, 98042128, 1515056
[  251] 1, 60876634, 1514138
[  252] 0, 98042113, 1515055
[  253] 1, 60876633, 1514137
[  254] 0, 98042112, 1513866
[  255] 1, 60876632, 1514136
[  256] 0, 92799266, 1515054
[  257] 1, 60876631, 1514135
[  258] 0, 92799265, 1515053
[  259] 1, 60876630, 1514134
[  260] 0, 92799264, 1515052
[  261] 1, 60876629, 1514133
[  262] 0, 92799248, 1515051
[  263] 1, 60876628, 1514132
[  264] 0, 92799233, 1515050
[  265] 1, 60876627, 1514131
[  266] 0, 92799232, 1513942
[  267] 1, 60876626, 1514130
[  268] 0, 92274978, 1515049
[  269] 1, 60876625, 1514129
[  270] 0, 92274977, 1515048
[  271] 1, 60876624, 1514128
[  272] 0, 92274976, 1515047
[  273] 1, 60876623, 1514127
[  274] 0, 92274960, 1515046
[  275] 1, 60876622, 1514126
[  276] 0, 92274945, 1515045
[  277] 1, 60876621, 1514125
[  278] 0, 92274944, 1513930
[  279] 1, 60876620, 1514124
[  280] 0, 91750690, 1515044
[  281] 1, 60876619, 1514123
[  282] 0, 91750689, 1515043
[  283] 1, 60876618, 1514122
[  284] 0, 91750688, 1515042
[  285] 1, 60876617, 1514121
[  286] 0, 91750672, 1515041
[  287] 1, 60876616, 1514120
[  288] 0, 91750657, 1515040
[  289] 1, 60876615, 1514119
[  290] 0, 91750656, 1513926
[  291] 1, 60876614, 1514118
[  292] 0, 91226402, 1515039
[  293] 1, 60876613, 1514117
[  294] 0, 91226401, 1515038
[  295] 1, 60876612, 1514116
[  296] 0, 91226400, 1515037
[  297] 1, 60876611, 1514115
[  298] 0, 91226384, 1515036
[  299] 1, 60876610, 1514114
[  300] 0, 91226369, 1515035
[  301] 1, 60876609, 1514113
[  302] 0, 91226368, 1513917
[  303] 1, 60876608, 1514112
[  304] 0, 90702115, 1515034
[  305] 1, 60876607, 1514111
[  306] 0, 90702114, 1515033
[  307] 1, 60876606, 1514110
[  308] 0, 90702113, 1515032
[  309] 1, 60876605, 1514109
[  310] 0, 90702112, 1515031
[  311] 1, 60876604, 1514108
[  312] 0, 90702096, 1515030
[  313] 1, 60876603, 1514107
[  314] 0, 90702081, 1515029
[  315] 1, 60876602, 1514106
[  316] 0, 90702080, 1513914
[  317] 1, 60876601, 1514105
[  318] 0, 90177826, 1515028
[  319] 1, 60876600, 1514104
[  320] 0, 90177825, 1515027
[  321] 1, 60876599, 1514103
[  322] 0, 90177824, 1515026
[  323] 1, 60876598, 1514102
[  324] 0, 90177808, 1515025
[  325] 1, 60876597, 1514101
[  326] 0, 90177793, 1515024
[  327] 1, 60876596, 1514100
[  328] 0, 90177792, 1513895
[  329] 1, 60876595, 1514099
[  330] 0, 89129250, 1515023
[  331] 1, 60876594, 1514098
[  332] 0, 89129249, 1515022
[  333] 1, 60876593, 1514097
[  334] 0, 89129248, 1515021
[  335] 1, 60876592, 1514096
[  336] 0, 89129232, 1515020
[  337] 1, 60876591, 1514095
[  338] 0, 89129217, 1515019
[  339] 1, 60876590, 1514094
[  340] 0, 89129216, 1513949
[  341] 1, 60876589, 1514093
[  342] 0, 84410659, 1515018
[  343] 1, 60876588, 1514092
[  344] 0, 84410658, 1515017
[  345] 1, 60876587, 1514091
[  346] 0, 84410657, 1515016
[  347] 1, 60876586, 1514090
[  348] 0, 84410656, 1515015
[  349] 1, 60876585, 1514089
[  350] 0, 84410640, 1515014
[  351] 1, 60876584, 1514088
[  352] 0, 84410625, 1515013
[  353] 1, 60876583, 1514087
[  354] 0, 84410624, 1513912
[  355] 1, 60876582, 1514086
[  356] 0, 83886370, 1515012
[  357] 1, 60876581, 1514085
[  358] 0, 83886369, 1515011
[  359] 1, 60876580, 1514084
[  360] 0, 83886368, 1515010
[  361] 1, 60876579, 1514083
[  362] 0, 83886352, 1515009
[  363] 1, 60876578, 1514082
[  364] 0, 83886337, 1515008
[  365] 1, 60876577, 1514081
[  366] 0, 83886336, 1513899
[  367] 1, 60876576, 1514080
[  368] 0, 82837794, 1515007
[  369] 1, 60876575, 1514079
[  370] 0, 82837793, 1515006
[  371] 1, 60876574, 1514078
[  372] 0, 82837792, 1515005
[  373] 1, 60876573, 1514077
[  374] 0, 82837776, 1515004
[  375] 1, 60876572, 1514076
[  376] 0, 82837761, 1515003
[  377] 1, 60876571, 1514075
[  378] 0, 82837760, 1513919
[  379] 1, 60876570, 1514074
[  380] 0, 82313507, 1515002
[  381] 1, 60876569, 1514073
[  382] 0, 82313506, 1515001
[  383] 1, 60876568, 1514072
[  384] 0, 82313505, 1515000
[  385] 1, 60876567, 1514071
[  386] 0, 82313504, 1514999
[  387] 1, 60876566, 1514070
[  388] 0, 82313488, 1514998
[  389] 1, 60876565, 1514069
[  390] 0, 82313473, 1514997
[  391] 1, 60876564, 1514068
[  392] 0, 82313472, 1513909
[  393] 1, 60876563, 1514067
[  394] 0, 81789218, 1514996
[  395] 1, 60876562, 1514066
[  396] 0, 81789217, 1514995
[  397] 1, 60876561, 1514065
[  398] 0, 81789216, 1514994
[  399] 1, 60876560, 1514064
[  400] 0, 81789200, 1514993
[  401] 1, 60876559, 1514063
[  402] 0, 81789185, 1514992
[  403] 1, 60876558, 1514062
[  404] 0, 81789184, 1513888
[  405] 1, 60876557, 1514061
[  406] 0, 81264931, 1514991
[  407] 1, 60876556, 1514060
[  408] 0, 81264930, 1514990
[  409] 1, 60876555, 1514059
[  410] 0, 81264929, 1514989
[  411] 1, 60876554, 1514058
[  412] 0, 81264928, 1514988
[  413] 1, 60876553, 1514057
[  414] 0, 81264912, 1514987
[  415] 1, 60876552, 1514056
[  416] 0, 81264897, 1514986
[  417] 1, 60876551, 1514055
[  418] 0, 81264896, 1513857
[  419] 1, 60876550, 1514054
[  420] 0, 80740642, 1514985
[  421] 1, 60876549, 1514053
[  422] 0, 80740641, 1514984
[  423] 1, 60876548, 1514052
[  424] 0, 80740640, 1514983
[  425] 1, 60876547, 1514051
[  426] 0, 80740624, 1514982
[  427] 1, 60876546, 1514050
[  428] 0, 80740609, 1514981
[  429] 1, 60876545, 1514049
[  430] 0, 80740608, 1513853
[  431] 1, 60876544, 1514048
[  432] 0, 80216354, 1514980
[  433] 1, 60876543, 1514047
[  434] 0, 80216353, 1514979
[  435] 1, 60876542, 1514046
[  436] 0, 80216352, 1514978
[  437] 1, 60876541, 1514045
[  438] 0, 80216336, 1514977
[  439] 1, 60876540, 1514044
[  440] 0, 80216321, 1514976
[  441] 1, 60876539, 1514043
[  442] 0, 80216320, 1513892
[  443] 1, 60876538, 1514042
[  444] 0, 79692066, 1514975
[  445] 1, 60876537, 1514041
[  446] 0, 79692065, 1514974
[  447] 1, 60876536, 1514040
[  448] 0, 79692064, 1514973
[  449] 1, 60876535, 1514039
[  450] 0, 79692048, 1514972
[  451] 1, 60876534, 1514038
[  452] 0, 79692033, 1514971
[  453] 1, 60876533, 1514037
[  454] 0, 79692032, 1513856
[  455] 1, 60876532, 1514036
[  456] 0, 79167778, 1514970
[  457] 1, 60876531, 1514035
[  458] 0, 79167777, 1514969
[  459] 1, 60876530, 1514034
[  460] 0, 79167776, 1514968
[  461] 1, 60876529, 1514033
[  462] 0, 79167760, 1514967
[  463] 1, 60876528, 1514032
[  464] 0, 79167745, 1514966
[  465] 1, 60876527, 1514031
[  466] 0, 79167744, 1513897
[  467] 1, 60876526, 1514030
[  468] 0, 77070626, 1514965
[  469] 1, 60876525, 1514029
[  470] 0, 77070625, 1514964
[  471] 1, 60876524, 1514028
[  472] 0, 77070624, 1514963
[  473] 1, 60876523, 1514027
[  474] 0, 77070608, 1514962
[  475] 1, 60876522, 1514026
[  476] 0, 77070593, 1514961
[  477] 1, 60876521, 1514025
[  478] 0, 77070592, 1513881
[  479] 1, 60876520, 1514024
[  480] 0, 76022050, 1514960
[  481] 1, 60876519, 1514023
[  482] 0, 76022049, 1514959
[  483] 1, 60876518, 1514022
[  484] 0, 76022048, 1514958
[  485] 1, 60876517, 1514021
[  486] 0, 76022032, 1514957
[  487] 1, 60876516, 1514020
[  488] 0, 76022017, 1514956
[  489] 1, 60876515, 1514019
[  490] 0, 76022016, 1513934
[  491] 1, 60876514, 1514018
[  492] 0, 75497762, 1514955
[  493] 1, 60876513, 1514017
[  494] 0, 75497761, 1514954
[  495] 1, 60876512, 1514016
[  496] 0, 75497760, 1514953
[  497] 1, 60876511, 1514015
[  498] 0, 75497744, 1514952
[  499] 1, 60876510, 1514014
[  500] 0, 75497729, 1514951
[  501] 1, 60876509, 1514013
[  502] 0, 75497728, 1513864
[  503] 1, 60876508, 1514012
[  504] 0, 72352034, 1514950
[  505] 1, 60876507, 1514011
[  506] 0, 72352033, 1514949
[  507] 1, 60876506, 1514010
[  508] 0, 72352032, 1514948
[  509] 1, 60876505, 1514009
[  510] 0, 72352016, 1514947
[  511] 1, 60876504, 1514008
[  512] 0, 72352001, 1514946
[  513] 1, 60876503, 1514007
[  514] 0, 72352000, 1513947
[  515] 1, 60876502, 1514006
[  516] 0, 70779170, 1514945
[  517] 1, 60876501, 1514005
[  518] 0, 70779169, 1514944
[  519] 1, 60876500, 1514004
[  520] 0, 70779168, 1514943
[  521] 1, 60876499, 1514003
[  522] 0, 70779152, 1514942
[  523] 1, 60876498, 1514002
[  524] 0, 70779137, 1514941
[  525] 1, 60876497, 1514001
[  526] 0, 70779136, 1513950
[  527] 1, 60876496, 1514000
[  528] 0, 70254883, 1514940
[  529] 1, 60876495, 1513999
[  530] 0, 70254882, 1514939
[  531] 1, 60876494, 1513998
[  532] 0, 70254881, 1514938
[  533] 1, 60876493, 1513997
[  534] 0, 70254880, 1514937
[  535] 1, 60876492, 1513996
[  536] 0, 70254864, 1514936
[  537] 1, 60876491, 1513995
[  538] 0, 70254849, 1514935
[  539] 1, 60876490, 1513994
[  540] 0, 70254848, 1513894
[  541] 1, 60876489, 1513993
[  542] 0, 68682018, 1514934
[  543] 1, 60876488, 1513992
[  544] 0, 68682017, 1514933
[  545] 1, 60876487, 1513991
[  546] 0, 68682016, 1514932
[  547] 1, 60876486, 1513990
[  548] 0, 68682000, 1514931
[  549] 1, 60876485, 1513989
[  550] 0, 68681985, 1514930
[  551] 1, 60876484, 1513988
[  552] 0, 68681984, 1513921
[  553] 1, 60876483, 1513987
[  554] 0, 67633442, 1514929
[  555] 1, 60876482, 1513986
[  556] 0, 67633441, 1514928
[  557] 1, 60876481, 1513985
[  558] 0, 67633440, 1514927
[  559] 1, 60876480, 1513984
[  560] 0, 67633424, 1514926
[  561] 1, 60876479, 1513983
[  562] 0, 67633409, 1514925
[  563] 1, 60876478, 1513982
[  564] 0, 67633408, 1513886
[  565] 1, 60876477, 1513981
[  566] 0, 65536290, 1514924
[  567] 1, 60876476, 1513980
[  568] 0, 65536289, 1514923
[  569] 1, 60876475, 1513979
[  570] 0, 65536288, 1514922
[  571] 1, 60876474, 1513978
[  572] 0, 65536272, 1514921
[  573] 1, 60876473, 1513977
[  574] 0, 65536257, 1514920
[  575] 1, 60876472, 1513976
[  576] 0, 65536256, 1513922
[  577] 1, 60876471, 1513975
[  578] 0, 62390562, 1514919
[  579] 1, 60876470, 1513974
[  580] 0, 62390561, 1514918
[  581] 1, 60876469, 1513973
[  582] 0, 62390560, 1514917
[  583] 1, 60876468, 1513972
[  584] 0, 62390544, 1514916
[  585] 1, 60876467, 1513971
[  586] 0, 62390529, 1514915
[  587] 1, 60876466, 1513970
[  588] 0, 62390528, 1513874
[  589] 1, 60876465, 1513969
[  590] 0, 61866274, 1514914
[  591] 1, 60876464, 1513968
[  592] 0, 61866273, 1514913
[  593] 1, 60876463, 1513967
[  594] 0, 61866272, 1514912
[  595] 1, 60876462, 1513966
[  596] 0, 61866256, 1514911
[  597] 1, 60876461, 1513965
[  598] 0, 61866241, 1514910
[  599] 1, 60876460, 1513964
[  600] 0, 61866240, 1513858
[  601] 1, 60876459, 1513963
[  602] 0, 61341986, 1514909
[  603] 1, 60876458, 1513962
[  604] 0, 61341985, 1514908
[  605] 1, 60876457, 1513961
[  606] 0, 61341984, 1514907
[  607] 1, 60876456, 1513960
[  608] 0, 61341968, 1514906
[  609] 1, 60876455, 1513959
[  610] 0, 61341953, 1514905
[  611] 1, 60876454, 1513958
[  612] 0, 61341952, 1513854
[  613] 1, 60876453, 1513957
[  614] 0, 58720546, 1514904
[  615] 1, 60876452, 1513956
[  616] 0, 58720545, 1514903
[  617] 1, 60876451, 1513955
[  618] 0, 58720544, 1514902
[  619] 1, 60876450, 1513954
[  620] 0, 58720528, 1514901
[  621] 1, 60876449, 1513953
[  622] 0, 58720513, 1514900
[  623] 0, 58720512, 1513918
[  624] 0, 57671970, 1514899
[  625] 0, 57671969, 1514898
[  626] 0, 57671968, 1514897
[  627] 0, 57671952, 1514896
[  628] 0, 57671937, 1514895
[  629] 0, 57671936, 1513906
[  630] 0, 57147682, 1514894
[  631] 0, 57147681, 1514893
[  632] 0, 57147680, 1514892
[  633] 0, 57147664, 1514891
[  634] 0, 57147649, 1514890
[  635] 0, 56623394, 1514889
[  636] 0, 56623393, 1514888
[  637] 0, 56623392, 1514887
[  638] 0, 56623376, 1514886
[  639] 0, 56623361, 1514885
[  640] 0, 56099107, 1514884
[  641] 0, 56099106, 1514883
[  642] 0, 56099105, 1514882
[  643] 0, 56099104, 1514881
[  644] 0, 56099088, 1514880
[  645] 0, 56099073, 1514879
[  646] 0, 56099072, 1513861
[  647] 0, 54526243, 1514878
[  648] 0, 54526242, 1514877
[  649] 0, 54526241, 1514876
[  650] 0, 54526240, 1514875
[  651] 0, 54526224, 1514874
[  652] 0, 54526209, 1514873
[  653] 0, 54001954, 1514872
[  654] 0, 54001953, 1514871
[  655] 0, 54001952, 1514870
[  656] 0, 54001936, 1514869
[  657] 0, 54001921, 1514868
[  658] 0, 52429090, 1514867
[  659] 0, 52429089, 1514866
[  660] 0, 52429088, 1514865
[  661] 0, 52429072, 1514864
[  662] 0, 52429057, 1514863
[  663] 0, 50856226, 1514862
[  664] 0, 50856225, 1514861
[  665] 0, 50856224, 1514860
[  666] 0, 50856208, 1514859
[  667] 0, 50856193, 1514858
[  668] 0, 50331939, 1514857
[  669] 0, 50331938, 1514856
[  670] 0, 50331937, 1514855
[  671] 0, 50331936, 1514854
[  672] 0, 50331920, 1514853
[  673] 0, 50331905, 1514852
[  674] 0, 48234787, 1514851
[  675] 0, 48234786, 1514850
[  676] 0, 48234785, 1514849
[  677] 0, 48234784, 1514848
[  678] 0, 48234768, 1514847
[  679] 0, 48234753, 1514846
[  680] 0, 47710498, 1514845
[  681] 0, 47710497, 1514844
[  682] 0, 47710496, 1514843
[  683] 0, 47710480, 1514842
[  684] 0, 47710465, 1514841
[  685] 0, 46661922, 1514840
[  686] 0, 46661921, 1514839
[  687] 0, 46661920, 1514838
[  688] 0, 46661904, 1514837
[  689] 0, 46661889, 1514836
[  690] 0, 46137634, 1514835
[  691] 0, 46137633, 1514834
[  692] 0, 46137632, 1514833
[  693] 0, 46137616, 1514832
[  694] 0, 46137601, 1514831
[  695] 0, 45089058, 1514830
[  696] 0, 45089057, 1514829
[  697] 0, 45089056, 1514828
[  698] 0, 45089040, 1514827
[  699] 0, 45089025, 1514826
[  700] 0, 44564771, 1514825
[  701] 0, 44564770, 1514824
[  702] 0, 44564769, 1514823
[  703] 0, 44564768, 1514822
[  704] 0, 44564752, 1514821
[  705] 0, 44564737, 1514820
[  706] 0, 43516195, 1514819
[  707] 0, 43516194, 1514818
[  708] 0, 43516193, 1514817
[  709] 0, 43516192, 1514816
[  710] 0, 43516176, 1514815
[  711] 0, 43516161, 1514814
[  712] 0, 42991906, 1514813
[  713] 0, 42991905, 1514812
[  714] 0, 42991904, 1514811
[  715] 0, 42991888, 1514810
[  716] 0, 42991873, 1514809
[  717] 0, 41943330, 1514808
[  718] 0, 41943329, 1514807
[  719] 0, 41943328, 1514806
[  720] 0, 41943312, 1514805
[  721] 0, 41943297, 1514804
[  722] 0, 40370466, 1514803
[  723] 0, 40370465, 1514802
[  724] 0, 40370464, 1514801
[  725] 0, 40370448, 1514800
[  726] 0, 40370433, 1514799
[  727] 0, 38273314, 1514798
[  728] 0, 38273313, 1514797
[  729] 0, 38273312, 1514796
[  730] 0, 38273296, 1514795
[  731] 0, 38273281, 1514794
[  732] 0, 37749026, 1514793
[  733] 0, 37749025, 1514792
[  734] 0, 37749024, 1514791
[  735] 0, 37749008, 1514790
[  736] 0, 37748993, 1514789
[  737] 0, 37224738, 1514788
[  738] 0, 37224737, 1514787
[  739] 0, 37224736, 1514786
[  740] 0, 37224720, 1514785
[  741] 0, 37224705, 1514784
[  742] 0, 36176163, 1514783
[  743] 0, 36176162, 1514782
[  744] 0, 36176161, 1514781
[  745] 0, 36176160, 1514780
[  746] 0, 36176144, 1514779
[  747] 0, 36176129, 1514778
[  748] 0, 33030434, 1514777
[  749] 0, 33030433, 1514776
[  750] 0, 33030432, 1514775
[  751] 0, 33030416, 1514774
[  752] 0, 33030401, 1514773
[  753] 0, 31457570, 1514772
[  754] 0, 31457569, 1514771
[  755] 0, 31457568, 1514770
[  756] 0, 31457552, 1514769
[  757] 0, 31457537, 1514768
[  758] 0, 30933282, 1514767
[  759] 0, 30933281, 1514766
[  760] 0, 30933280, 1514765
[  761] 0, 30933264, 1514764
[  762] 0, 30933249, 1514763
[  763] 0, 30408995, 1514762
[  764] 0, 30408994, 1514761
[  765] 0, 30408993, 1514760
[  766] 0, 30408992, 1514759
[  767] 0, 30408976, 1514758
[  768] 0, 30408961, 1514757
[  769] 0, 29884706, 1514756
[  770] 0, 29884705, 1514755
[  771] 0, 29884704, 1514754
[  772] 0, 29884688, 1514753
[  773] 0, 29884673, 1514752
[  774] 0, 27787554, 1514751
[  775] 0, 27787553, 1514750
[  776] 0, 27787552, 1514749
[  777] 0, 27787536, 1514748
[  778] 0, 27787521, 1514747
[  779] 0, 27263267, 1514746
[  780] 0, 27263266, 1514745
[  781] 0, 27263265, 1514744
[  782] 0, 27263264, 1514743
[  783] 0, 27263248, 1514742
[  784] 0, 27263233, 1514741
[  785] 0, 25166115, 1514740
[  786] 0, 25166114, 1514739
[  787] 0, 25166113, 1514738
[  788] 0, 25166112, 1514737
[  789] 0, 25166096, 1514736
[  790] 0, 25166081, 1514735
[  791] 0, 24641826, 1514734
[  792] 0, 24641825, 1514733
[  793] 0, 24641824, 1514732
[  794] 0, 24641808, 1514731
[  795] 0, 24641793, 1514730
[  796] 0, 24117539, 1514729
[  797] 0, 24117538, 1514728
[  798] 0, 24117537, 1514727
[  799] 0, 24117536, 1514726
[  800] 0, 24117520, 1514725
[  801] 0, 24117505, 1514724
[  802] 0, 23068962, 1514723
[  803] 0, 23068961, 1514722
[  804] 0, 23068960, 1514721
[  805] 0, 23068944, 1514720
[  806] 0, 23068929, 1514719
[  807] 0, 22544674, 1514718
[  808] 0, 22544673, 1514717
[  809] 0, 22544672, 1514716
[  810] 0, 22544656, 1514715
[  811] 0, 22544641, 1514714
[  812] 0, 21496098, 1514713
[  813] 0, 21496097, 1514712
[  814] 0, 21496096, 1514711
[  815] 0, 21496080, 1514710
[  816] 0, 21496065, 1514709
[  817] 0, 20971810, 1514708
[  818] 0, 20971809, 1514707
[  819] 0, 20971808, 1514706
[  820] 0, 20971792, 1514705
[  821] 0, 20971777, 1514704
[  822] 0, 19923235, 1514703
[  823] 0, 19923234, 1514702
[  824] 0, 19923233, 1514701
[  825] 0, 19923232, 1514700
[  826] 0, 19923216, 1514699
[  827] 0, 19923201, 1514698
[  828] 0, 16777506, 1514697
[  829] 0, 16777505, 1514696
[  830] 0, 16777504, 1514695
[  831] 0, 16777488, 1514694
[  832] 0, 16777473, 1514693
[  833] 0, 15728930, 1514692
[  834] 0, 15728929, 1514691
[  835] 0, 15728928, 1514690
[  836] 0, 15728912, 1514689
[  837] 0, 15728897, 1514688
[  838] 0, 14680355, 1514687
[  839] 0, 14680354, 1514686
[  840] 0, 14680353, 1514685
[  841] 0, 14680352, 1514684
[  842] 0, 14680336, 1514683
[  843] 0, 14680321, 1514682
[  844] 0, 12058914, 1514681
[  845] 0, 12058913, 1514680
[  846] 0, 12058912, 1514679
[  847] 0, 12058896, 1514678
[  848] 0, 12058881, 1514677
[  849] 0, 11534626, 1514676
[  850] 0, 11534625, 1514675
[  851] 0, 11534624, 1514674
[  852] 0, 11534608, 1514673
[  853] 0, 11534593, 1514672
[  854] 0, 9961762, 1514671
[  855] 0, 9961761, 1514670
[  856] 0, 9961760, 1514669
[  857] 0, 9961744, 1514668
[  858] 0, 9961729, 1514667
[  859] 0, 7340324, 1514666
[  860] 0, 7340323, 1514665
[  861] 0, 7340322, 1514664
[  862] 0, 7340321, 1514663
[  863] 0, 7340320, 1514662
[  864] 0, 7340304, 1514661
[  865] 0, 7340289, 1514660
[  866] 0, 4194594, 1514659
[  867] 0, 4194593, 1514658
[  868] 0, 4194592, 1514657
[  869] 0, 4194576, 1514656
[  870] 0, 4194561, 1514655
[  871] 0, 3146018, 1514654
[  872] 0, 3146017, 1514653
[  873] 0, 3146016, 1514652
[  874] 0, 3146000, 1514651
[  875] 0, 3145985, 1514650
[  876] 0, 2097442, 1514649
[  877] 0, 2097441, 1514648
[  878] 0, 2097440, 1514647
[  879] 0, 2097424, 1514646
[  880] 0, 2097409, 1514645
[  881] 0, 1048866, 1514644
[  882] 0, 1048865, 1514643
[  883] 0, 1048864, 1514642
[  884] 0, 1048848, 1514641
[  885] 0, 1048833, 1514640
[  886] 0, 285, 1514639
[  887] 0, 284, 1514638
[  888] 0, 283, 1514637
[  889] 0, 282, 1514636
[  890] 0, 281, 1514635
[  891] 0, 280, 1514634
[  892] 0, 279, 1514633
[  893] 0, 278, 1514632
[  894] 0, 277, 1514631
[  895] 0, 276, 1514630
[  896] 0, 275, 1514629
[  897] 0, 274, 1514628
[  898] 0, 273, 1514627
[  899] 0, 272, 1514626
[  900] 0, 271, 1514625
[  901] 0, 270, 1514624
[  902] 0, 269, 1514623
[  903] 0, 268, 1514622
[  904] 0, 267, 1514621
[  905] 0, 266, 1514620
[  906] 0, 265, 1514619
[  907] 0, 264, 1514618
[  908] 0, 263, 1514617
[  909] 0, 262, 1514616
[  910] 0, 261, 1514615
[  911] 0, 260, 1514614
[  912] 0, 259, 1514613
[  913] 0, 258, 1514612
[  914] 0, 257, 1514611
[  915] 0, 256, 1514610
[  916] 0, 60877105, 1514609
[  917] 0, 60877104, 1514608
[  918] 0, 60877103, 1514607
[  919] 0, 60877102, 1514606
[  920] 0, 60877101, 1514605
[  921] 0, 60877100, 1514604
[  922] 0, 60877099, 1514603
[  923] 0, 60877098, 1514602
[  924] 0, 60877097, 1514601
[  925] 0, 60877096, 1514600
[  926] 0, 60877095, 1514599
[  927] 0, 60877094, 1514598
[  928] 0, 60877093, 1514597
[  929] 0, 60877092, 1514596
[  930] 0, 60877091, 1514595
[  931] 0, 60877090, 1514594
[  932] 0, 60877089, 1514593
[  933] 0, 60877088, 1514592
[  934] 0, 60877087, 1514591
[  935] 0, 60877086, 1514590
[  936] 0, 60877085, 1514589
[  937] 0, 60877084, 1514588
[  938] 0, 60877083, 1514587
[  939] 0, 60877082, 1514586
[  940] 0, 60877081, 1514585
[  941] 0, 60877080, 1514584
[  942] 0, 60877079, 1514583
[  943] 0, 60877078, 1514582
[  944] 0, 60877077, 1514581
[  945] 0, 60877076, 1514580
[  946] 0, 60877075, 1514579
[  947] 0, 60877074, 1514578
[  948] 0, 60877073, 1514577
[  949] 0, 60877072, 1514576
[  950] 0, 60877071, 1514575
[  951] 0, 60877070, 1514574
[  952] 0, 60877069, 1514573
[  953] 0, 60877068, 1514572
[  954] 0, 60877067, 1514571
[  955] 0, 60877066, 1514570
[  956] 0, 60877065, 1514569
[  957] 0, 60877064, 1514568
[  958] 0, 60877063, 1514567
[  959] 0, 60877062, 1514566
[  960] 0, 60877061, 1514565
[  961] 0, 60877060, 1514564
[  962] 0, 60877059, 1514563
[  963] 0, 60877058, 1514562
[  964] 0, 60877057, 1514561
[  965] 0, 60877056, 1514560
[  966] 0, 60877055, 1514559
[  967] 0, 60877054, 1514558
[  968] 0, 60877053, 1514557
[  969] 0, 60877052, 1514556
[  970] 0, 60877051, 1514555
[  971] 0, 60877050, 1514554
[  972] 0, 60877049, 1514553
[  973] 0, 60877048, 1514552
[  974] 0, 60877047, 1514551
[  975] 0, 60877046, 1514550
[  976] 0, 60877045, 1514549
[  977] 0, 60877044, 1514548
[  978] 0, 60877043, 1514547
[  979] 0, 60877042, 1514546
[  980] 0, 60877041, 1514545
[  981] 0, 60877040, 1514544
[  982] 0, 60877039, 1514543
[  983] 0, 60877038, 1514542
[  984] 0, 60877037, 1514541
[  985] 0, 60877036, 1514540
[  986] 0, 60877035, 1514539
[  987] 0, 60877034, 1514538
[  988] 0, 60877033, 1514537
[  989] 0, 60877032, 1514536
[  990] 0, 60877031, 1514535
[  991] 0, 60877030, 1514534
[  992] 0, 60877029, 1514533
[  993] 0, 60877028, 1514532
[  994] 0, 60877027, 1514531
[  995] 0, 60877026, 1514530
[  996] 0, 60877025, 1514529
[  997] 0, 60877024, 1514528
[  998] 0, 60877023, 1514527
[  999] 0, 60877022, 1514526
[ 1000] 0, 60877021, 1514525
[ 1001] 0, 60877020, 1514524
[ 1002] 0, 60877019, 1514523
[ 1003] 0, 60877018, 1514522
[ 1004] 0, 60877017, 1514521
[ 1005] 0, 60877016, 1514520
[ 1006] 0, 60877015, 1514519
[ 1007] 0, 60877014, 1514518
[ 1008] 0, 60877013, 1514517
[ 1009] 0, 60877012, 1514516
[ 1010] 0, 60877011, 1514515
[ 1011] 0, 60877010, 1514514
[ 1012] 0, 60877009, 1514513
[ 1013] 0, 60877008, 1514512
[ 1014] 0, 60877007, 1514511
[ 1015] 0, 60877006, 1514510
[ 1016] 0, 60877005, 1514509
[ 1017] 0, 60877004, 1514508
[ 1018] 0, 60877003, 1514507
[ 1019] 0, 60877002, 1514506
[ 1020] 0, 60877001, 1514505
[ 1021] 0, 60877000, 1514504
[ 1022] 0, 60876999, 1514503
[ 1023] 0, 60876998, 1514502
[ 1024] 0, 60876997, 1514501
[ 1025] 0, 60876996, 1514500
[ 1026] 0, 60876995, 1514499
[ 1027] 0, 60876994, 1514498
[ 1028] 0, 60876993, 1514497
[ 1029] 0, 60876992, 1514496
[ 1030] 0, 60876991, 1514495
[ 1031] 0, 60876990, 1514494
[ 1032] 0, 60876989, 1514493
[ 1033] 0, 60876988, 1514492
[ 1034] 0, 60876987, 1514491
[ 1035] 0, 60876986, 1514490
[ 1036] 0, 60876985, 1514489
[ 1037] 0, 60876984, 1514488
[ 1038] 0, 60876983, 1514487
[ 1039] 0, 60876982, 1514486
[ 1040] 0, 60876981, 1514485
[ 1041] 0, 60876980, 1514484
[ 1042] 0, 60876979, 1514483
[ 1043] 0, 60876978, 1514482
[ 1044] 0, 60876977, 1514481
[ 1045] 0, 60876976, 1514480
[ 1046] 0, 60876975, 1514479
[ 1047] 0, 60876974, 1514478
[ 1048] 0, 60876973, 1514477
[ 1049] 0, 60876972, 1514476
[ 1050] 0, 60876971, 1514475
[ 1051] 0, 60876970, 1514474
[ 1052] 0, 60876969, 1514473
[ 1053] 0, 60876968, 1514472
[ 1054] 0, 60876967, 1514471
[ 1055] 0, 60876966, 1514470
[ 1056] 0, 60876965, 1514469
[ 1057] 0, 60876964, 1514468
[ 1058] 0, 60876963, 1514467
[ 1059] 0, 60876962, 1514466
[ 1060] 0, 60876961, 1514465
[ 1061] 0, 60876960, 1514464
[ 1062] 0, 60876959, 1514463
[ 1063] 0, 60876958, 1514462
[ 1064] 0, 60876957, 1514461
[ 1065] 0, 60876956, 1514460
[ 1066] 0, 60876955, 1514459
[ 1067] 0, 60876954, 1514458
[ 1068] 0, 60876953, 1514457
[ 1069] 0, 60876952, 1514456
[ 1070] 0, 60876951, 1514455
[ 1071] 0, 60876950, 1514454
[ 1072] 0, 60876949, 1514453
[ 1073] 0, 60876948, 1514452
[ 1074] 0, 60876947, 1514451
[ 1075] 0, 60876946, 1514450
[ 1076] 0, 60876945, 1514449
[ 1077] 0, 60876944, 1514448
[ 1078] 0, 60876943, 1514447
[ 1079] 0, 60876942, 1514446
[ 1080] 0, 60876941, 1514445
[ 1081] 0, 60876940, 1514444
[ 1082] 0, 60876939, 1514443
[ 1083] 0, 60876938, 1514442
[ 1084] 0, 60876937, 1514441
[ 1085] 0, 60876936, 1514440
[ 1086] 0, 60876935, 1514439
[ 1087] 0, 60876934, 1514438
[ 1088] 0, 60876933, 1514437
[ 1089] 0, 60876932, 1514436
[ 1090] 0, 60876931, 1514435
[ 1091] 0, 60876930, 1514434
[ 1092] 0, 60876929, 1514433
[ 1093] 0, 60876928, 1514432
[ 1094] 0, 60876927, 1514431
[ 1095] 0, 60876926, 1514430
[ 1096] 0, 60876925, 1514429
[ 1097] 0, 60876924, 1514428
[ 1098] 0, 60876923, 1514427
[ 1099] 0, 60876922, 1514426
[ 1100] 0, 60876921, 1514425
[ 1101] 0, 60876920, 1514424
[ 1102] 0, 60876919, 1514423
[ 1103] 0, 60876918, 1514422
[ 1104] 0, 60876917, 1514421
[ 1105] 0, 60876916, 1514420
[ 1106] 0, 60876915, 1514419
[ 1107] 0, 60876914, 1514418
[ 1108] 0, 60876913, 1514417
[ 1109] 0, 60876912, 1514416
[ 1110] 0, 60876911, 1514415
[ 1111] 0, 60876910, 1514414
[ 1112] 0, 60876909, 1514413
[ 1113] 0, 60876908, 1514412
[ 1114] 0, 60876907, 1514411
[ 1115] 0, 60876906, 1514410
[ 1116] 0, 60876905, 1514409
[ 1117] 0, 60876904, 1514408
[ 1118] 0, 60876903, 1514407
[ 1119] 0, 60876902, 1514406
[ 1120] 0, 60876901, 1514405
[ 1121] 0, 60876900, 1514404
[ 1122] 0, 60876899, 1514403
[ 1123] 0, 60876898, 1514402
[ 1124] 0, 60876897, 1514401
[ 1125] 0, 60876896, 1514400
[ 1126] 0, 60876895, 1514399
[ 1127] 0, 60876894, 1514398
[ 1128] 0, 60876893, 1514397
[ 1129] 0, 60876892, 1514396
[ 1130] 0, 60876891, 1514395
[ 1131] 0, 60876890, 1514394
[ 1132] 0, 60876889, 1514393
[ 1133] 0, 60876888, 1514392
[ 1134] 0, 60876887, 1514391
[ 1135] 0, 60876886, 1514390
[ 1136] 0, 60876885, 1514389
[ 1137] 0, 60876884, 1514388
[ 1138] 0, 60876883, 1514387
[ 1139] 0, 60876882, 1514386
[ 1140] 0, 60876881, 1514385
[ 1141] 0, 60876880, 1514384
[ 1142] 0, 60876879, 1514383
[ 1143] 0, 60876878, 1514382
[ 1144] 0, 60876877, 1514381
[ 1145] 0, 60876876, 1514380
[ 1146] 0, 60876875, 1514379
[ 1147] 0, 60876874, 1514378
[ 1148] 0, 60876873, 1514377
[ 1149] 0, 60876872, 1514376
[ 1150] 0, 60876871, 1514375
[ 1151] 0, 60876870, 1514374
[ 1152] 0, 60876869, 1514373
[ 1153] 0, 60876868, 1514372
[ 1154] 0, 60876867, 1514371
[ 1155] 0, 60876866, 1514370
[ 1156] 0, 60876865, 1514369
[ 1157] 0, 60876864, 1514368
[ 1158] 0, 60876863, 1514367
[ 1159] 0, 60876862, 1514366
[ 1160] 0, 60876861, 1514365
[ 1161] 0, 60876860, 1514364
[ 1162] 0, 60876859, 1514363
[ 1163] 0, 60876858, 1514362
[ 1164] 0, 60876857, 1514361
[ 1165] 0, 60876856, 1514360
[ 1166] 0, 60876855, 1514359
[ 1167] 0, 60876854, 1514358
[ 1168] 0, 60876853, 1514357
[ 1169] 0, 60876852, 1514356
[ 1170] 0, 60876851, 1514355
[ 1171] 0, 60876850, 1514354
[ 1172] 0, 60876849, 1514353
[ 1173] 0, 60876848, 1514352
[ 1174] 0, 60876847, 1514351
[ 1175] 0, 60876846, 1514350
[ 1176] 0, 60876845, 1514349
[ 1177] 0, 60876844, 1514348
[ 1178] 0, 60876843, 1514347
[ 1179] 0, 60876842, 1514346
[ 1180] 0, 60876841, 1514345
[ 1181] 0, 60876840, 1514344
[ 1182] 0, 60876839, 1514343
[ 1183] 0, 60876838, 1514342
[ 1184] 0, 60876837, 1514341
[ 1185] 0, 60876836, 1514340
[ 1186] 0, 60876835, 1514339
[ 1187] 0, 60876834, 1514338
[ 1188] 0, 60876833, 1514337
[ 1189] 0, 60876832, 1514336
[ 1190] 0, 60876831, 1514335
[ 1191] 0, 60876830, 1514334
[ 1192] 0, 60876829, 1514333
[ 1193] 0, 60876828, 1514332
[ 1194] 0, 60876827, 1514331
[ 1195] 0, 60876826, 1514330
[ 1196] 0, 60876825, 1514329
[ 1197] 0, 60876824, 1514328
[ 1198] 0, 60876823, 1514327
[ 1199] 0, 60876822, 1514326
[ 1200] 0, 60876821, 1514325
[ 1201] 0, 60876820, 1514324
[ 1202] 0, 60876819, 1514323
[ 1203] 0, 60876818, 1514322
[ 1204] 0, 60876817, 1514321
[ 1205] 0, 60876816, 1514320
[ 1206] 0, 60876815, 1514319
[ 1207] 0, 60876814, 1514318
[ 1208] 0, 60876813, 1514317
[ 1209] 0, 60876812, 1514316
[ 1210] 0, 60876811, 1514315
[ 1211] 0, 60876810, 1514314
[ 1212] 0, 60876809, 1514313
[ 1213] 0, 60876808, 1514312
[ 1214] 0, 60876807, 1514311
[ 1215] 0, 60876806, 1514310
[ 1216] 0, 60876805, 1514309
[ 1217] 0, 60876804, 1514308
[ 1218] 0, 60876803, 1514307
[ 1219] 0, 60876802, 1514306
[ 1220] 0, 60876801, 1514305
[ 1221] 0, 60876800, 1514304
[ 1222] 0, 60876799, 1514303
[ 1223] 0, 60876798, 1514302
[ 1224] 0, 60876797, 1514301
[ 1225] 0, 60876796, 1514300
[ 1226] 0, 60876795, 1514299
[ 1227] 0, 60876794, 1514298
[ 1228] 0, 60876793, 1514297
[ 1229] 0, 60876792, 1514296
[ 1230] 0, 60876791, 1514295
[ 1231] 0, 60876790, 1514294
[ 1232] 0, 60876789, 1514293
[ 1233] 0, 60876788, 1514292
[ 1234] 0, 60876787, 1514291
[ 1235] 0, 60876786, 1514290
[ 1236] 0, 60876785, 1514289
[ 1237] 0, 60876784, 1514288
[ 1238] 0, 60876783, 1514287
[ 1239] 0, 60876782, 1514286
[ 1240] 0, 60876781, 1514285
[ 1241] 0, 60876780, 1514284
[ 1242] 0, 60876779, 1514283
[ 1243] 0, 60876778, 1514282
[ 1244] 0, 60876777, 1514281
[ 1245] 0, 60876776, 1514280
[ 1246] 0, 60876775, 1514279
[ 1247] 0, 60876774, 1514278
[ 1248] 0, 60876773, 1514277
[ 1249] 0, 60876772, 1514276
[ 1250] 0, 60876771, 1514275
[ 1251] 0, 60876770, 1514274
[ 1252] 0, 60876769, 1514273
[ 1253] 0, 60876768, 1514272
[ 1254] 0, 60876767, 1514271
[ 1255] 0, 60876766, 1514270
[ 1256] 0, 60876765, 1514269
[ 1257] 0, 60876764, 1514268
[ 1258] 0, 60876763, 1514267
[ 1259] 0, 60876762, 1514266
[ 1260] 0, 60876761, 1514265
[ 1261] 0, 60876760, 1514264
[ 1262] 0, 54526208, 1513952
[ 1263] 0, 15728896, 1513948
[ 1264] 0, 24641792, 1513946
[ 1265] 0, 23068928, 1513945
[ 1266] 0, 44564736, 1513944
[ 1267] 0, 47710464, 1513943
[ 1268] 0, 54001920, 1513940
[ 1269] 0, 56623360, 1513939
[ 1270] 0, 38273280, 1513938
[ 1271] 0, 21496064, 1513937
[ 1272] 0, 52429056, 1513936
[ 1273] 0, 41943296, 1513935
[ 1274] 0, 57147648, 1513933
[ 1275] 0, 19923200, 1513932
[ 1276] 0, 31457536, 1513931
[ 1277] 0, 9961728, 1513929
[ 1278] 0, 46137600, 1513924
[ 1279] 0, 27787520, 1513920
[ 1280] 0, 4194560, 1513916
[ 1281] 0, 27263232, 1513915
[ 1282] 0, 22544640, 1513913
[ 1283] 0, 12058880, 1513910
[ 1284] 0, 2097408, 1513908
[ 1285] 0, 48234752, 1513907
[ 1286] 0, 50331904, 1513905
[ 1287] 0, 20971776, 1513904
[ 1288] 0, 40370432, 1513903
[ 1289] 0, 14680320, 1513901
[ 1290] 0, 43516160, 1513896
[ 1291] 0, 36176128, 1513891
[ 1292] 0, 30933248, 1513890
[ 1293] 0, 7340288, 1513889
[ 1294] 0, 24117504, 1513885
[ 1295] 0, 25166080, 1513883
[ 1296] 0, 1048832, 1513879
[ 1297] 0, 16777472, 1513878
[ 1298] 0, 33030400, 1513877
[ 1299] 0, 50856192, 1513875
[ 1300] 0, 42991872, 1513873
[ 1301] 0, 30408960, 1513872
[ 1302] 0, 46661888, 1513871
[ 1303] 0, 3145984, 1513870
[ 1304] 0, 37224704, 1513868
[ 1305] 0, 45089024, 1513867
[ 1306] 0, 11534592, 1513863
[ 1307] 0, 29884672, 1513859
[ 1308] 0, 37748992, 1513855
[ 1309] 0, 1313, 1513852
[ 1310] 0, 9505, 1513851
[ 1311] 0, 24150590, 1513850
[ 1312] 0, 98076059, 1513849
[ 1313] 0, 92838696, 1513848
[ 1314] 0, 92838695, 1513847
[ 1315] 0, 92838694, 1513846
[ 1316] 0, 92838693, 1513845
[ 1317] 0, 92838692, 1513844
[ 1318] 0, 92838691, 1513843
[ 1319] 0, 92838690, 1513842
[ 1320] 0, 92838689, 1513841
[ 1321] 0, 92838688, 1513840
[ 1322] 0, 92838687, 1513839
[ 1323] 0, 92838686, 1513838
[ 1324] 0, 92838685, 1513837
[ 1325] 0, 92838683, 1513836
[ 1326] 0, 92838682, 1513835
[ 1327] 0, 92838681, 1513834
[ 1328] 0, 92838680, 1513833
[ 1329] 0, 92838679, 1513832
[ 1330] 0, 92838678, 1513831
[ 1331] 0, 92838677, 1513830
[ 1332] 0, 92838676, 1513829
[ 1333] 0, 92838675, 1513828
[ 1334] 0, 92838674, 1513827
[ 1335] 0, 92838673, 1513826
[ 1336] 0, 92838672, 1513825
[ 1337] 0, 92838671, 1513824
[ 1338] 0, 92838669, 1513823
[ 1339] 0, 92838668, 1513822
[ 1340] 0, 92838667, 1513821
[ 1341] 0, 92838666, 1513820
[ 1342] 0, 92838665, 1513819
[ 1343] 0, 92838664, 1513818
[ 1344] 0, 92838663, 1513817
[ 1345] 0, 92838662, 1513816
[ 1346] 0, 92838661, 1513815
[ 1347] 0, 92838660, 1513814
[ 1348] 0, 92838659, 1513813
[ 1349] 0, 92838658, 1513812
[ 1350] 0, 92838657, 1513811
[ 1351] 0, 92838655, 1513810
[ 1352] 0, 92838654, 1513809
[ 1353] 0, 92838653, 1513808
[ 1354] 0, 92838652, 1513807
[ 1355] 0, 92838651, 1513806
[ 1356] 0, 92838650, 1513805
[ 1357] 0, 92838649, 1513804
[ 1358] 0, 92838648, 1513803
[ 1359] 0, 92838647, 1513802
[ 1360] 0, 92838646, 1513801
[ 1361] 0, 92838645, 1513800
[ 1362] 0, 92838644, 1513799
[ 1363] 0, 92838643, 1513798
[ 1364] 0, 92838641, 1513797
[ 1365] 0, 92838640, 1513796
[ 1366] 0, 92838639, 1513795
[ 1367] 0, 92838638, 1513794
[ 1368] 0, 92838637, 1513793
[ 1369] 0, 92838636, 1513792
[ 1370] 0, 92838635, 1513791
[ 1371] 0, 92838634, 1513790
[ 1372] 0, 92838633, 1513789
[ 1373] 0, 92838632, 1513788
[ 1374] 0, 92838631, 1513787
[ 1375] 0, 92838630, 1513786
[ 1376] 0, 92838629, 1513785
[ 1377] 0, 92838627, 1513784
[ 1378] 0, 92838626, 1513783
[ 1379] 0, 92838625, 1513782
[ 1380] 0, 92838624, 1513781
[ 1381] 0, 92838623, 1513780
[ 1382] 0, 92838622, 1513779
[ 1383] 0, 92838621, 1513778
[ 1384] 0, 92838620, 1513777
[ 1385] 0, 92838619, 1513776
[ 1386] 0, 92838618, 1513775
[ 1387] 0, 92838617, 1513774
[ 1388] 0, 92838616, 1513773
[ 1389] 0, 92838615, 1513772
[ 1390] 0, 92838613, 1513771
[ 1391] 0, 92838612, 1513770
[ 1392] 0, 92838611, 1513769
[ 1393] 0, 92838610, 1513768
[ 1394] 0, 92838609, 1513767
[ 1395] 0, 92838608, 1513766
[ 1396] 0, 92838607, 1513765
[ 1397] 0, 92838606, 1513764
[ 1398] 0, 92838605, 1513763
[ 1399] 0, 92838604, 1513762
[ 1400] 0, 92838603, 1513761
[ 1401] 0, 92838602, 1513760
[ 1402] 0, 92838601, 1513759
[ 1403] 0, 92838599, 1513758
[ 1404] 0, 92838598, 1513757
[ 1405] 0, 92838597, 1513756
[ 1406] 0, 92838596, 1513755
[ 1407] 0, 92838595, 1513754
[ 1408] 0, 92838594, 1513753
[ 1409] 0, 92838593, 1513752
[ 1410] 0, 92838592, 1513751
[ 1411] 0, 92838591, 1513750
[ 1412] 0, 92838590, 1513749
[ 1413] 0, 92838589, 1513748
[ 1414] 0, 92838588, 1513747
[ 1415] 0, 92838587, 1513746
[ 1416] 0, 92838585, 1513745
[ 1417] 0, 92838584, 1513744
[ 1418] 0, 92838583, 1513743
[ 1419] 0, 92838582, 1513742
[ 1420] 0, 92838581, 1513741
[ 1421] 0, 92838580, 1513740
[ 1422] 0, 92838579, 1513739
[ 1423] 0, 92838578, 1513738
[ 1424] 0, 92838577, 1513737
[ 1425] 0, 92838576, 1513736
[ 1426] 0, 92838575, 1513735
[ 1427] 0, 92838574, 1513734
[ 1428] 0, 92838573, 1513733
[ 1429] 0, 92833431, 1513732
[ 1430] 0, 92833430, 1513731
[ 1431] 0, 92833429, 1513730
[ 1432] 0, 92833428, 1513729
[ 1433] 0, 92833427, 1513728
[ 1434] 0, 92833426, 1513727
[ 1435] 0, 92833425, 1513726
[ 1436] 0, 92833424, 1513725
[ 1437] 0, 92833423, 1513724
[ 1438] 0, 92833422, 1513723
[ 1439] 0, 92833420, 1513722
[ 1440] 0, 92833419, 1513721
[ 1441] 0, 92833418, 1513720
[ 1442] 0, 92833417, 1513719
[ 1443] 0, 92833416, 1513718
[ 1444] 0, 92833415, 1513717
[ 1445] 0, 92833414, 1513716
[ 1446] 0, 92833413, 1513715
[ 1447] 0, 92833412, 1513714
[ 1448] 0, 92833411, 1513713
[ 1449] 0, 92833410, 1513712
[ 1450] 0, 92833409, 1513711
[ 1451] 0, 92833408, 1513710
[ 1452] 0, 92833406, 1513709
[ 1453] 0, 92833405, 1513708
[ 1454] 0, 92833404, 1513707
[ 1455] 0, 92833403, 1513706
[ 1456] 0, 92833402, 1513705
[ 1457] 0, 92833401, 1513704
[ 1458] 0, 92833400, 1513703
[ 1459] 0, 92833399, 1513702
[ 1460] 0, 92833398, 1513701
[ 1461] 0, 92833397, 1513700
[ 1462] 0, 92833396, 1513699
[ 1463] 0, 92833395, 1513698
[ 1464] 0, 92833394, 1513697
[ 1465] 0, 92833393, 1513696
[ 1466] 0, 92833392, 1513695
[ 1467] 0, 92833391, 1513694
[ 1468] 0, 92833390, 1513693
[ 1469] 0, 92833389, 1513692
[ 1470] 0, 92833388, 1513691
[ 1471] 0, 92833387, 1513690
[ 1472] 0, 92833386, 1513689
[ 1473] 0, 92833385, 1513688
[ 1474] 0, 92833384, 1513687
[ 1475] 0, 92833383, 1513686
[ 1476] 0, 92833382, 1513685
[ 1477] 0, 92833381, 1513684
[ 1478] 0, 92833380, 1513683
[ 1479] 0, 92833379, 1513682
[ 1480] 0, 92833378, 1513681
[ 1481] 0, 92833377, 1513680
[ 1482] 0, 92833376, 1513679
[ 1483] 0, 92833375, 1513678
[ 1484] 0, 92833374, 1513677
[ 1485] 0, 92833373, 1513676
[ 1486] 0, 92833372, 1513675
[ 1487] 0, 92833371, 1513674
[ 1488] 0, 92833370, 1513673
[ 1489] 0, 92833369, 1513672
[ 1490] 0, 92833368, 1513671
[ 1491] 0, 92833367, 1513670
[ 1492] 0, 92833366, 1513669
[ 1493] 0, 92833365, 1513668
[ 1494] 0, 92833364, 1513667
[ 1495] 0, 92833363, 1513666
[ 1496] 0, 92833362, 1513665
[ 1497] 0, 92833361, 1513664
[ 1498] 0, 92833360, 1513663
[ 1499] 0, 92833359, 1513662
[ 1500] 0, 92833358, 1513661
[ 1501] 0, 92833357, 1513660
[ 1502] 0, 92833356, 1513659
[ 1503] 0, 92833355, 1513658
[ 1504] 0, 92833354, 1513657
[ 1505] 0, 92833353, 1513656
[ 1506] 0, 92833352, 1513655
[ 1507] 0, 92833351, 1513654
[ 1508] 0, 92833350, 1513653
[ 1509] 0, 92833349, 1513652
[ 1510] 0, 92833348, 1513651
[ 1511] 0, 92833347, 1513650
[ 1512] 0, 92833346, 1513649
[ 1513] 0, 92833345, 1513648
[ 1514] 0, 92833344, 1513647
[ 1515] 0, 92833343, 1513646
[ 1516] 0, 92833342, 1513645
[ 1517] 0, 92833341, 1513644
[ 1518] 0, 92833340, 1513643
[ 1519] 0, 92833339, 1513642
[ 1520] 0, 92833338, 1513641
[ 1521] 0, 92833337, 1513640
[ 1522] 0, 92833336, 1513639
[ 1523] 0, 92833335, 1513638
[ 1524] 0, 92833334, 1513637
[ 1525] 0, 92833333, 1513636
[ 1526] 0, 92833332, 1513635
[ 1527] 0, 92833331, 1513634
[ 1528] 0, 92833330, 1513633
[ 1529] 0, 92833329, 1513632
[ 1530] 0, 92833328, 1513631
[ 1531] 0, 92833327, 1513630
[ 1532] 0, 92833326, 1513629
[ 1533] 0, 92833325, 1513628
[ 1534] 0, 92833324, 1513627
[ 1535] 0, 92833323, 1513626
[ 1536] 0, 92833322, 1513625
[ 1537] 0, 92833321, 1513624
[ 1538] 0, 92833320, 1513623
[ 1539] 0, 92833319, 1513622
[ 1540] 0, 92833318, 1513621
[ 1541] 0, 92833317, 1513620
[ 1542] 0, 92833316, 1513619
[ 1543] 0, 92833315, 1513618
[ 1544] 0, 92833314, 1513617
[ 1545] 0, 92833313, 1513616
[ 1546] 0, 92833312, 1513615
[ 1547] 0, 92833311, 1513614
[ 1548] 0, 92833310, 1513613
[ 1549] 0, 92833309, 1513612
[ 1550] 0, 92833308, 1513611
[ 1551] 0, 92833307, 1513610
[ 1552] 0, 92833306, 1513609
[ 1553] 0, 92833305, 1513608
[ 1554] 0, 92833304, 1513607
[ 1555] 0, 92833303, 1513606
[ 1556] 0, 58754777, 1513605
[ 1557] 0, 58754776, 1513604
[ 1558] 0, 58754775, 1513603
[ 1559] 0, 58754774, 1513602
[ 1560] 0, 58754773, 1513601
[ 1561] 0, 58754772, 1513600
[ 1562] 0, 58754771, 1513599
[ 1563] 0, 58754770, 1513598
[ 1564] 0, 58754769, 1513597
[ 1565] 0, 58754768, 1513596
[ 1566] 0, 58754767, 1513595
[ 1567] 0, 58754766, 1513594
[ 1568] 0, 58754765, 1513593
[ 1569] 0, 58754804, 1513592
[ 1570] 0, 58754803, 1513591
[ 1571] 0, 58754802, 1513590
[ 1572] 0, 58754801, 1513589
[ 1573] 0, 58754800, 1513588
[ 1574] 0, 58754799, 1513587
[ 1575] 0, 58754798, 1513586
[ 1576] 0, 58754797, 1513585
[ 1577] 0, 58754796, 1513584
[ 1578] 0, 58754795, 1513583
[ 1579] 0, 58754794, 1513582
[ 1580] 0, 58754793, 1513581
[ 1581] 0, 58754791, 1513580
[ 1582] 0, 58754790, 1513579
[ 1583] 0, 58754789, 1513578
[ 1584] 0, 58754788, 1513577
[ 1585] 0, 58754787, 1513576
[ 1586] 0, 58754786, 1513575
[ 1587] 0, 58754785, 1513574
[ 1588] 0, 58754784, 1513573
[ 1589] 0, 58754783, 1513572
[ 1590] 0, 58754782, 1513571
[ 1591] 0, 58754781, 1513570
[ 1592] 0, 58754780, 1513569
[ 1593] 0, 58754779, 1513568
[ 1594] 0, 58757931, 1513567
[ 1595] 0, 58757930, 1513566
[ 1596] 0, 58757929, 1513565
[ 1597] 0, 58757928, 1513564
[ 1598] 0, 58757927, 1513563
[ 1599] 0, 58757926, 1513562
[ 1600] 0, 58757925, 1513561
[ 1601] 0, 58757924, 1513560
[ 1602] 0, 58757923, 1513559
[ 1603] 0, 58757922, 1513558
[ 1604] 0, 58757921, 1513557
[ 1605] 0, 58757920, 1513556
[ 1606] 0, 58757919, 1513555
[ 1607] 0, 58757918, 1513554
[ 1608] 0, 58757917, 1513553
[ 1609] 0, 58757916, 1513552
[ 1610] 0, 58757915, 1513551
[ 1611] 0, 58757914, 1513550
[ 1612] 0, 58757913, 1513549
[ 1613] 0, 58757912, 1513548
[ 1614] 0, 58757911, 1513547
[ 1615] 0, 58757910, 1513546
[ 1616] 0, 58757909, 1513545
[ 1617] 0, 58757908, 1513544
[ 1618] 0, 58757907, 1513543
[ 1619] 0, 58757906, 1513542
[ 1620] 0, 58757905, 1513541
[ 1621] 0, 58757904, 1513540
[ 1622] 0, 58757903, 1513539
[ 1623] 0, 58757902, 1513538
[ 1624] 0, 58757901, 1513537
[ 1625] 0, 58757900, 1513536
[ 1626] 0, 58757899, 1513535
[ 1627] 0, 58757898, 1513534
[ 1628] 0, 58757897, 1513533
[ 1629] 0, 58757896, 1513532
[ 1630] 0, 58757895, 1513531
[ 1631] 0, 58757894, 1513530
[ 1632] 0, 58757893, 1513529
[ 1633] 0, 58757892, 1513528
[ 1634] 0, 58757891, 1513527
[ 1635] 0, 58757890, 1513526
[ 1636] 0, 58757889, 1513525
[ 1637] 0, 58757888, 1513524
[ 1638] 0, 58757887, 1513523
[ 1639] 0, 58757886, 1513522
[ 1640] 0, 58757885, 1513521
[ 1641] 0, 58757884, 1513520
[ 1642] 0, 58757883, 1513519
[ 1643] 0, 58757882, 1513518
[ 1644] 0, 58757881, 1513517
[ 1645] 0, 58757880, 1513516
[ 1646] 0, 58757879, 1513515
[ 1647] 0, 58757878, 1513514
[ 1648] 0, 58757877, 1513513
[ 1649] 0, 58757876, 1513512
[ 1650] 0, 58757875, 1513511
[ 1651] 0, 58757874, 1513510
[ 1652] 0, 58757873, 1513509
[ 1653] 0, 58757872, 1513508
[ 1654] 0, 58757871, 1513507
[ 1655] 0, 58757870, 1513506
[ 1656] 0, 58757869, 1513505
[ 1657] 0, 58757868, 1513504
[ 1658] 0, 58757867, 1513503
[ 1659] 0, 58757866, 1513502
[ 1660] 0, 58757865, 1513501
[ 1661] 0, 58757864, 1513500
[ 1662] 0, 58757863, 1513499
[ 1663] 0, 58757862, 1513498
[ 1664] 0, 58757861, 1513497
[ 1665] 0, 58757860, 1513496
[ 1666] 0, 58757859, 1513495
[ 1667] 0, 58757858, 1513494
[ 1668] 0, 58757857, 1513493
[ 1669] 0, 58757856, 1513492
[ 1670] 0, 58757855, 1513491
[ 1671] 0, 58757854, 1513490
[ 1672] 0, 58757853, 1513489
[ 1673] 0, 58757852, 1513488
[ 1674] 0, 58757851, 1513487
[ 1675] 0, 58757850, 1513486
[ 1676] 0, 58757849, 1513485
[ 1677] 0, 58757848, 1513484
[ 1678] 0, 58757847, 1513483
[ 1679] 0, 58757846, 1513482
[ 1680] 0, 58757845, 1513481
[ 1681] 0, 58757844, 1513480
[ 1682] 0, 58757843, 1513479
[ 1683] 0, 58757842, 1513478
[ 1684] 0, 58757841, 1513477
[ 1685] 0, 58757840, 1513476
[ 1686] 0, 58757839, 1513475
[ 1687] 0, 58757838, 1513474
[ 1688] 0, 58757837, 1513473
[ 1689] 0, 58757836, 1513472
[ 1690] 0, 58757835, 1513471
[ 1691] 0, 58757834, 1513470
[ 1692] 0, 58757833, 1513469
[ 1693] 0, 58757832, 1513468
[ 1694] 0, 58757831, 1513467
[ 1695] 0, 58757830, 1513466
[ 1696] 0, 58757829, 1513465
[ 1697] 0, 58757828, 1513464
[ 1698] 0, 58757827, 1513463
[ 1699] 0, 58757826, 1513462
[ 1700] 0, 58757825, 1513461
[ 1701] 0, 58757824, 1513460
[ 1702] 0, 58757823, 1513459
[ 1703] 0, 58757822, 1513458
[ 1704] 0, 58757821, 1513457
[ 1705] 0, 58757820, 1513456
[ 1706] 0, 58757819, 1513455
[ 1707] 0, 58757818, 1513454
[ 1708] 0, 58757817, 1513453
[ 1709] 0, 58757816, 1513452
[ 1710] 0, 58757815, 1513451
[ 1711] 0, 58757814, 1513450
[ 1712] 0, 58757813, 1513449
[ 1713] 0, 58757812, 1513448
[ 1714] 0, 58757811, 1513447
[ 1715] 0, 58757810, 1513446
[ 1716] 0, 58757809, 1513445
[ 1717] 0, 58757808, 1513444
[ 1718] 0, 58757807, 1513443
[ 1719] 0, 58757806, 1513442
[ 1720] 0, 58757805, 1513441
[ 1721] 0, 58757804, 1513440
[ 1722] 0, 58757803, 1513439
[ 1723] 0, 58757802, 1513438
[ 1724] 0, 58757801, 1513437
[ 1725] 0, 58757800, 1513436
[ 1726] 0, 58757799, 1513435
[ 1727] 0, 58757798, 1513434
[ 1728] 0, 58757797, 1513433
[ 1729] 0, 58757796, 1513432
[ 1730] 0, 58757795, 1513431
[ 1731] 0, 58757794, 1513430
[ 1732] 0, 58757793, 1513429
[ 1733] 0, 58757792, 1513428
[ 1734] 0, 58757791, 1513427
[ 1735] 0, 58757790, 1513426
[ 1736] 0, 58757789, 1513425
[ 1737] 0, 58757788, 1513424
[ 1738] 0, 58757787, 1513423
[ 1739] 0, 58757786, 1513422
[ 1740] 0, 58757785, 1513421
[ 1741] 0, 58757784, 1513420
[ 1742] 0, 58757783, 1513419
[ 1743] 0, 58757782, 1513418
[ 1744] 0, 58757781, 1513417
[ 1745] 0, 58757780, 1513416
[ 1746] 0, 58757779, 1513415
[ 1747] 0, 58757778, 1513414
[ 1748] 0, 58757777, 1513413
[ 1749] 0, 58757776, 1513412
[ 1750] 0, 58757775, 1513411
[ 1751] 0, 58757774, 1513410
[ 1752] 0, 58757773, 1513409
[ 1753] 0, 58757772, 1513408
[ 1754] 0, 58757771, 1513407
[ 1755] 0, 58757770, 1513406
[ 1756] 0, 58757769, 1513405
[ 1757] 0, 58757768, 1513404
[ 1758] 0, 58757767, 1513403
[ 1759] 0, 58757766, 1513402
[ 1760] 0, 58757765, 1513401
[ 1761] 0, 58757764, 1513400
[ 1762] 0, 58757763, 1513399
[ 1763] 0, 58757762, 1513398
[ 1764] 0, 58757761, 1513397
[ 1765] 0, 58757760, 1513396
[ 1766] 0, 58757759, 1513395
[ 1767] 0, 58757758, 1513394
[ 1768] 0, 58757757, 1513393
[ 1769] 0, 58757756, 1513392
[ 1770] 0, 58757755, 1513391
[ 1771] 0, 58757754, 1513390
[ 1772] 0, 58757753, 1513389
[ 1773] 0, 58757752, 1513388
[ 1774] 0, 58757751, 1513387
[ 1775] 0, 58757750, 1513386
[ 1776] 0, 58757749, 1513385
[ 1777] 0, 58757748, 1513384
[ 1778] 0, 58757747, 1513383
[ 1779] 0, 58757746, 1513382
[ 1780] 0, 58757745, 1513381
[ 1781] 0, 58757744, 1513380
[ 1782] 0, 58757743, 1513379
[ 1783] 0, 58757742, 1513378
[ 1784] 0, 58757741, 1513377
[ 1785] 0, 58757740, 1513376
[ 1786] 0, 58757739, 1513375
[ 1787] 0, 58757738, 1513374
[ 1788] 0, 58757737, 1513373
[ 1789] 0, 58757736, 1513372
[ 1790] 0, 48270482, 1513371
[ 1791] 0, 48270481, 1513370
[ 1792] 0, 48270480, 1513369
[ 1793] 0, 48270479, 1513368
[ 1794] 0, 48270478, 1513367
[ 1795] 0, 48270477, 1513366
[ 1796] 0, 48270476, 1513365
[ 1797] 0, 48270475, 1513364
[ 1798] 0, 48270474, 1513363
[ 1799] 0, 48270473, 1513362
[ 1800] 0, 48270472, 1513361
[ 1801] 0, 48270471, 1513360
[ 1802] 0, 48270470, 1513359
[ 1803] 0, 48270469, 1513358
[ 1804] 0, 48270468, 1513357
[ 1805] 0, 48270467, 1513356
[ 1806] 0, 48270466, 1513355
[ 1807] 0, 48270465, 1513354
[ 1808] 0, 48270464, 1513353
[ 1809] 0, 48270463, 1513352
[ 1810] 0, 48270462, 1513351
[ 1811] 0, 48270461, 1513350
[ 1812] 0, 48270460, 1513349
[ 1813] 0, 48270459, 1513348
[ 1814] 0, 48270458, 1513347
[ 1815] 0, 48270457, 1513346
[ 1816] 0, 48270456, 1513345
[ 1817] 0, 48270455, 1513344
[ 1818] 0, 48270454, 1513343
[ 1819] 0, 48270453, 1513342
[ 1820] 0, 48270452, 1513341
[ 1821] 0, 48270451, 1513340
[ 1822] 0, 48270450, 1513339
[ 1823] 0, 48270449, 1513338
[ 1824] 0, 48270448, 1513337
[ 1825] 0, 48270447, 1513336
[ 1826] 0, 48270446, 1513335
[ 1827] 0, 48270445, 1513334
[ 1828] 0, 48270444, 1513333
[ 1829] 0, 48270443, 1513332
[ 1830] 0, 48270442, 1513331
[ 1831] 0, 48270441, 1513330
[ 1832] 0, 48270440, 1513329
[ 1833] 0, 48270439, 1513328
[ 1834] 0, 48270438, 1513327
[ 1835] 0, 48270437, 1513326
[ 1836] 0, 48270436, 1513325
[ 1837] 0, 48270435, 1513324
[ 1838] 0, 48270434, 1513323
[ 1839] 0, 48270433, 1513322
[ 1840] 0, 48270432, 1513321
[ 1841] 0, 48270431, 1513320
[ 1842] 0, 48270430, 1513319
[ 1843] 0, 48270429, 1513318
[ 1844] 0, 48270428, 1513317
[ 1845] 0, 48270427, 1513316
[ 1846] 0, 48270426, 1513315
[ 1847] 0, 48270425, 1513314
[ 1848] 0, 48270424, 1513313
[ 1849] 0, 48270423, 1513312
[ 1850] 0, 48270422, 1513311
[ 1851] 0, 48270421, 1513310
[ 1852] 0, 48270420, 1513309
[ 1853] 0, 48270419, 1513308
[ 1854] 0, 48270418, 1513307
[ 1855] 0, 48270417, 1513306
[ 1856] 0, 48270416, 1513305
[ 1857] 0, 48270415, 1513304
[ 1858] 0, 48270414, 1513303
[ 1859] 0, 48270413, 1513302
[ 1860] 0, 48270412, 1513301
[ 1861] 0, 48270411, 1513300
[ 1862] 0, 48270410, 1513299
[ 1863] 0, 48270409, 1513298
[ 1864] 0, 48270408, 1513297
[ 1865] 0, 48270407, 1513296
[ 1866] 0, 48270406, 1513295
[ 1867] 0, 48270405, 1513294
[ 1868] 0, 48270404, 1513293
[ 1869] 0, 48270403, 1513292
[ 1870] 0, 48270402, 1513291
[ 1871] 0, 48270401, 1513290
[ 1872] 0, 48270400, 1513289
[ 1873] 0, 48270399, 1513288
[ 1874] 0, 48270398, 1513287
[ 1875] 0, 48270397, 1513286
[ 1876] 0, 48270396, 1513285
[ 1877] 0, 48270395, 1513284
[ 1878] 0, 48270394, 1513283
[ 1879] 0, 48270393, 1513282
[ 1880] 0, 48270392, 1513281
[ 1881] 0, 48270391, 1513280
[ 1882] 0, 48270390, 1513279
[ 1883] 0, 48270389, 1513278
[ 1884] 0, 48270388, 1513277
[ 1885] 0, 48270387, 1513276
[ 1886] 0, 48270386, 1513275
[ 1887] 0, 48270385, 1513274
[ 1888] 0, 48270384, 1513273
[ 1889] 0, 48270383, 1513272
[ 1890] 0, 48270382, 1513271
[ 1891] 0, 48270381, 1513270
[ 1892] 0, 48270380, 1513269
[ 1893] 0, 48270379, 1513268
[ 1894] 0, 48270378, 1513267
[ 1895] 0, 48270377, 1513266
[ 1896] 0, 48270376, 1513265
[ 1897] 0, 48270375, 1513264
[ 1898] 0, 48270374, 1513263
[ 1899] 0, 48270373, 1513262
[ 1900] 0, 48270372, 1513261
[ 1901] 0, 48270371, 1513260
[ 1902] 0, 48270370, 1513259
[ 1903] 0, 48270369, 1513258
[ 1904] 0, 48270368, 1513257
[ 1905] 0, 48270367, 1513256
[ 1906] 0, 48270366, 1513255
[ 1907] 0, 48270365, 1513254
[ 1908] 0, 48270364, 1513253
[ 1909] 0, 48270363, 1513252
[ 1910] 0, 48270362, 1513251
[ 1911] 0, 48270361, 1513250
[ 1912] 0, 48270360, 1513249
[ 1913] 0, 48270359, 1513248
[ 1914] 0, 48270358, 1513247
[ 1915] 0, 48270357, 1513246
[ 1916] 0, 48270356, 1513245
[ 1917] 0, 48270355, 1513244
[ 1918] 0, 48270354, 1513243
[ 1919] 0, 48270353, 1513242
[ 1920] 0, 48270352, 1513241
[ 1921] 0, 48270351, 1513240
[ 1922] 0, 48270350, 1513239
[ 1923] 0, 48270349, 1513238
[ 1924] 0, 48270348, 1513237
[ 1925] 0, 41977150, 1513236
[ 1926] 0, 91788081, 1513235
[ 1927] 0, 91788080, 1513234
[ 1928] 0, 91788079, 1513233
[ 1929] 0, 91788078, 1513232
[ 1930] 0, 91788077, 1513231
[ 1931] 0, 91788076, 1513230
[ 1932] 0, 91788075, 1513229
[ 1933] 0, 91788073, 1513228
[ 1934] 0, 91788072, 1513227
[ 1935] 0, 91788071, 1513226
[ 1936] 0, 91788070, 1513225
[ 1937] 0, 91788069, 1513224
[ 1938] 0, 91788068, 1513223
[ 1939] 0, 91788067, 1513222
[ 1940] 0, 91788066, 1513221
[ 1941] 0, 91788065, 1513220
[ 1942] 0, 91788064, 1513219
[ 1943] 0, 91788063, 1513218
[ 1944] 0, 91788062, 1513217
[ 1945] 0, 91788061, 1513216
[ 1946] 0, 91788059, 1513215
[ 1947] 0, 91788058, 1513214
[ 1948] 0, 91788057, 1513213
[ 1949] 0, 91788056, 1513212
[ 1950] 0, 91788055, 1513211
[ 1951] 0, 91788054, 1513210
[ 1952] 0, 91788053, 1513209
[ 1953] 0, 91788052, 1513208
[ 1954] 0, 91788051, 1513207
[ 1955] 0, 91788050, 1513206
[ 1956] 0, 91788049, 1513205
[ 1957] 0, 91788048, 1513204
[ 1958] 0, 91788047, 1513203
[ 1959] 0, 91788045, 1513202
[ 1960] 0, 91788044, 1513201
[ 1961] 0, 91788043, 1513200
[ 1962] 0, 91788042, 1513199
[ 1963] 0, 91788041, 1513198
[ 1964] 0, 91788040, 1513197
[ 1965] 0, 91788039, 1513196
[ 1966] 0, 91788038, 1513195
[ 1967] 0, 91788037, 1513194
[ 1968] 0, 91788036, 1513193
[ 1969] 0, 91788035, 1513192
[ 1970] 0, 91788034, 1513191
[ 1971] 0, 91788033, 1513190
[ 1972] 0, 91788031, 1513189
[ 1973] 0, 91788030, 1513188
[ 1974] 0, 91788029, 1513187
[ 1975] 0, 91788028, 1513186
[ 1976] 0, 91788027, 1513185
[ 1977] 0, 91788026, 1513184
[ 1978] 0, 91788025, 1513183
[ 1979] 0, 91788024, 1513182
[ 1980] 0, 91788023, 1513181
[ 1981] 0, 91788022, 1513180
[ 1982] 0, 91788021, 1513179
[ 1983] 0, 91788020, 1513178
[ 1984] 0, 91788019, 1513177
[ 1985] 0, 91788017, 1513176
[ 1986] 0, 91788016, 1513175
[ 1987] 0, 91788015, 1513174
[ 1988] 0, 91788014, 1513173
[ 1989] 0, 91788013, 1513172
[ 1990] 0, 91788012, 1513171
[ 1991] 0, 91788011, 1513170
[ 1992] 0, 91788010, 1513169
[ 1993] 0, 91788009, 1513168
[ 1994] 0, 91788008, 1513167
[ 1995] 0, 91788007, 1513166
[ 1996] 0, 91788006, 1513165
[ 1997] 0, 91788005, 1513164
[ 1998] 0, 91788003, 1513163
[ 1999] 0, 91788002, 1513162
LRU
---------------------------------------------
